<?xml version="1.0" encoding="utf-8"?>
<COLLADA xmlns="http://www.collada.org/2005/11/COLLADASchema" version="1.4.1">
  <asset>
    <contributor>
      <author/>
      <authoring_tool>FBX COLLADA exporter</authoring_tool>
      <comments/>
    </contributor>
    <created>2019-11-16T18:45:59Z</created>
    <keywords/>
    <modified>2019-11-16T18:45:59Z</modified>
    <revision/>
    <subject/>
    <title/>
    <unit meter="0.010000" name="centimeter"/>
    <up_axis>Y_UP</up_axis>
  </asset>
  <library_animations>
    <animation id="J_Hip-anim" name="J_Hip">
      <animation>
        <source id="J_Hip-Matrix-animation-input">
          <float_array id="J_Hip-Matrix-animation-input-array" count="35">

0.041667 0.083333 0.125000 0.166667 0.208333 0.250000 0.291667 0.333333 0.375000 0.416667 0.458333 0.500000 0.541667 0.583333 0.625000 0.666667
0.708333 0.750000 0.791667 0.833333 0.875000 0.916667 0.958333 1.000000 1.041667 1.083333 1.125000 1.166667 1.208333 1.250000 1.291667 1.333333
1.375000 1.416667 1.458333</float_array>
          <technique_common>
            <accessor source="#J_Hip-Matrix-animation-input-array" count="35">
              <param name="TIME" type="float"/>
            </accessor>
          </technique_common>
        </source>
        <source id="J_Hip-Matrix-animation-output-transform">
          <float_array id="J_Hip-Matrix-animation-output-transform-array" count="560">

0.010752 -0.999942 0.000000 0.060398 0.999942 0.010752 0.000000 -1.859790 0.000000 0.000000 1.000000 0.000000 0.000000 0.000000 0.000000 1.000000
0.010752 -0.999942 0.000000 0.060398 0.999942 0.010752 0.000000 -1.859790 0.000000 0.000000 1.000000 0.000000 0.000000 0.000000 0.000000 1.000000
0.010752 -0.999942 0.000000 0.060398 0.999942 0.010752 0.000000 -1.859790 0.000000 0.000000 1.000000 0.000000 0.000000 0.000000 0.000000 1.000000
0.010752 -0.999942 0.000000 0.060398 0.999942 0.010752 0.000000 -1.859790 0.000000 0.000000 1.000000 0.000000 0.000000 0.000000 0.000000 1.000000
0.010752 -0.999942 0.000000 0.060398 0.999942 0.010752 0.000000 -1.859790 0.000000 0.000000 1.000000 0.000000 0.000000 0.000000 0.000000 1.000000
0.010752 -0.999942 0.000000 0.060398 0.999942 0.010752 0.000000 -1.859790 0.000000 0.000000 1.000000 0.000000 0.000000 0.000000 0.000000 1.000000
0.010752 -0.999942 0.000000 0.060398 0.999942 0.010752 0.000000 -1.859790 0.000000 0.000000 1.000000 0.000000 0.000000 0.000000 0.000000 1.000000
0.010752 -0.999942 0.000000 0.060398 0.999942 0.010752 0.000000 -1.859790 0.000000 0.000000 1.000000 0.000000 0.000000 0.000000 0.000000 1.000000
0.010752 -0.999942 0.000000 0.060398 0.999942 0.010752 0.000000 -1.859790 0.000000 0.000000 1.000000 0.000000 0.000000 0.000000 0.000000 1.000000
0.010752 -0.999942 0.000000 0.060398 0.999942 0.010752 0.000000 -1.859790 0.000000 0.000000 1.000000 0.000000 0.000000 0.000000 0.000000 1.000000
0.010752 -0.999942 0.000000 0.060398 0.999942 0.010752 0.000000 -1.859790 0.000000 0.000000 1.000000 0.000000 0.000000 0.000000 0.000000 1.000000
0.010752 -0.999942 0.000000 0.060398 0.999942 0.010752 0.000000 -1.859790 0.000000 0.000000 1.000000 0.000000 0.000000 0.000000 0.000000 1.000000
0.010752 -0.999942 0.000000 0.060398 0.999942 0.010752 0.000000 -1.859790 0.000000 0.000000 1.000000 0.000000 0.000000 0.000000 0.000000 1.000000
0.010752 -0.999942 0.000000 0.060398 0.999942 0.010752 0.000000 -1.859790 0.000000 0.000000 1.000000 0.000000 0.000000 0.000000 0.000000 1.000000
0.010752 -0.999942 0.000000 0.060398 0.999942 0.010752 0.000000 -1.859790 0.000000 0.000000 1.000000 0.000000 0.000000 0.000000 0.000000 1.000000
0.010752 -0.999942 0.000000 0.060398 0.999942 0.010752 0.000000 -1.859790 0.000000 0.000000 1.000000 0.000000 0.000000 0.000000 0.000000 1.000000
0.010752 -0.999942 0.000000 0.060398 0.999942 0.010752 0.000000 -1.859790 0.000000 0.000000 1.000000 0.000000 0.000000 0.000000 0.000000 1.000000
0.010752 -0.999942 0.000000 0.060398 0.999756 0.010750 -0.019313 -1.879081 0.019312 0.000208 0.999813 0.000000 0.000000 0.000000 0.000000 1.000000
0.010752 -0.999942 0.000000 0.060398 0.997554 0.010726 -0.069069 -1.934282 0.069065 0.000743 0.997612 0.000000 0.000000 0.000000 0.000000 1.000000
0.010752 -0.999942 -0.000000 0.060398 0.990541 0.010651 -0.136802 -2.021385 0.136794 0.001471 0.990598 0.000000 0.000000 0.000000 0.000000 1.000000
0.010752 -0.999942 0.000000 0.060398 0.977673 0.010513 -0.209867 -2.136383 0.209855 0.002257 0.977730 0.000000 0.000000 0.000000 0.000000 1.000000
0.010752 -0.999942 0.000000 0.060398 0.961125 0.010335 -0.275920 -2.275268 0.275904 0.002967 0.961181 0.000000 0.000000 0.000000 0.000000 1.000000
0.010752 -0.999942 -0.000000 0.060398 0.946196 0.010174 -0.323435 -2.434031 0.323416 0.003478 0.946250 0.000000 0.000000 0.000000 0.000000 1.000000
0.010752 -0.999942 -0.000000 0.060398 0.939773 0.010105 -0.341649 -2.608665 0.341630 0.003673 0.939827 0.000000 0.000000 0.000000 0.000000 1.000000
0.010752 -0.999942 -0.000000 0.060398 0.939773 0.010105 -0.341649 -2.816983 0.341630 0.003673 0.939827 0.000000 0.000000 0.000000 0.000000 1.000000
0.010752 -0.999942 -0.000000 0.060398 0.939773 0.010105 -0.341649 -3.070352 0.341630 0.003673 0.939827 0.000000 0.000000 0.000000 0.000000 1.000000
0.010752 -0.999942 -0.000000 0.060398 0.939773 0.010105 -0.341649 -3.355101 0.341630 0.003673 0.939827 0.000000 0.000000 0.000000 0.000000 1.000000
0.010752 -0.999942 -0.000000 0.060398 0.939773 0.010105 -0.341649 -3.657556 0.341630 0.003673 0.939827 0.000000 0.000000 0.000000 0.000000 1.000000
0.010752 -0.999942 -0.000000 0.060398 0.939773 0.010105 -0.341649 -3.964044 0.341630 0.003673 0.939827 0.000000 0.000000 0.000000 0.000000 1.000000
0.010752 -0.999942 -0.000000 0.060398 0.939773 0.010105 -0.341649 -4.260894 0.341630 0.003673 0.939827 0.000000 0.000000 0.000000 0.000000 1.000000
0.010752 -0.999942 -0.000000 0.060398 0.939773 0.010105 -0.341649 -4.534431 0.341630 0.003673 0.939827 0.000000 0.000000 0.000000 0.000000 1.000000
0.010752 -0.999942 -0.000000 0.060398 0.939773 0.010105 -0.341649 -4.770982 0.341630 0.003673 0.939827 0.000000 0.000000 0.000000 0.000000 1.000000
0.010752 -0.999942 -0.000000 0.060398 0.939773 0.010105 -0.341649 -4.956876 0.341630 0.003673 0.939827 0.000000 0.000000 0.000000 0.000000 1.000000
0.010752 -0.999942 -0.000000 0.060398 0.939773 0.010105 -0.341649 -5.078440 0.341630 0.003673 0.939827 0.000000 0.000000 0.000000 0.000000 1.000000
0.010752 -0.999942 -0.000000 0.060398 0.939773 0.010105 -0.341649 -5.121999 0.341630 0.003673 0.939827 0.000000 0.000000 0.000000 0.000000 1.000000</float_array>
          <technique_common>
            <accessor source="#J_Hip-Matrix-animation-output-transform-array" count="35" stride="16">
              <param type="float4x4"/>
            </accessor>
          </technique_common>
        </source>
        <source id="J_Hip-Interpolations">
          <Name_array id="J_Hip-Interpolations-array" count="35">
 LINEAR LINEAR LINEAR LINEAR LINEAR LINEAR LINEAR LINEAR LINEAR LINEAR LINEAR
LINEAR LINEAR LINEAR LINEAR LINEAR LINEAR LINEAR LINEAR LINEAR LINEAR LINEAR LINEAR
LINEAR LINEAR LINEAR LINEAR LINEAR LINEAR LINEAR LINEAR LINEAR LINEAR LINEAR LINEAR</Name_array>
          <technique_common>
            <accessor source="#J_Hip-Interpolations-array" count="35">
              <param type="name"/>
            </accessor>
          </technique_common>
        </source>
        <sampler id="J_Hip-Matrix-animation-transform">
          <input semantic="INPUT" source="#J_Hip-Matrix-animation-input"/>
          <input semantic="OUTPUT" source="#J_Hip-Matrix-animation-output-transform"/>
          <input semantic="INTERPOLATION" source="#J_Hip-Interpolations"/>
        </sampler>
        <channel source="#J_Hip-Matrix-animation-transform" target="J_Hip/matrix"/>
      </animation>
    </animation>
    <animation id="J_Spine_1-anim" name="J_Spine_1">
      <animation>
        <source id="J_Spine_1-Matrix-animation-input">
          <float_array id="J_Spine_1-Matrix-animation-input-array" count="35">

0.041667 0.083333 0.125000 0.166667 0.208333 0.250000 0.291667 0.333333 0.375000 0.416667 0.458333 0.500000 0.541667 0.583333 0.625000 0.666667
0.708333 0.750000 0.791667 0.833333 0.875000 0.916667 0.958333 1.000000 1.041667 1.083333 1.125000 1.166667 1.208333 1.250000 1.291667 1.333333
1.375000 1.416667 1.458333</float_array>
          <technique_common>
            <accessor source="#J_Spine_1-Matrix-animation-input-array" count="35">
              <param name="TIME" type="float"/>
            </accessor>
          </technique_common>
        </source>
        <source id="J_Spine_1-Matrix-animation-output-transform">
          <float_array id="J_Spine_1-Matrix-animation-output-transform-array" count="560">

0.998650 0.051943 0.000000 1.101413 0.051943 -0.998650 -0.000000 -0.000000 -0.000000 0.000000 -1.000000 0.000000 0.000000 0.000000 0.000000 1.000000
0.997684 0.056428 -0.037977 1.101413 0.056256 -0.998401 -0.005585 -0.000000 -0.038231 0.003436 -0.999263 0.000000 0.000000 0.000000 0.000000 1.000000
0.990442 0.066080 -0.121073 1.101413 0.064250 -0.997754 -0.018965 -0.000000 -0.122054 0.011005 -0.992462 0.000000 0.000000 0.000000 0.000000 1.000000
0.976256 0.075437 -0.203060 1.101413 0.070043 -0.996977 -0.033631 -0.000000 -0.204983 0.018610 -0.978589 0.000000 0.000000 0.000000 0.000000 1.000000
0.967554 0.079593 -0.239801 1.101413 0.071907 -0.996583 -0.040647 -0.000000 -0.242217 0.022084 -0.969971 0.000000 0.000000 0.000000 0.000000 1.000000
0.983841 0.080265 -0.160047 1.101413 0.075111 -0.996451 -0.038006 -0.000000 -0.162529 0.025371 -0.986377 0.000000 0.000000 0.000000 0.000000 1.000000
0.995916 0.080762 0.040357 1.101413 0.082016 -0.996166 -0.030444 -0.000000 0.037743 0.033629 -0.998721 0.000000 0.000000 0.000000 0.000000 1.000000
0.953128 0.078998 0.292073 1.101413 0.088391 -0.995903 -0.019083 -0.000000 0.289369 0.044005 -0.956206 0.000000 0.000000 0.000000 0.000000 1.000000
0.853112 0.074874 0.516328 1.101413 0.091615 -0.995770 -0.006974 -0.000000 0.513621 0.053253 -0.856363 0.000000 0.000000 0.000000 0.000000 1.000000
0.752364 0.070719 0.654941 1.101413 0.092063 -0.995752 0.001761 -0.000000 0.652283 0.058971 -0.755678 0.000000 0.000000 0.000000 0.000000 1.000000
0.693034 0.073946 0.717102 1.098433 0.084796 -0.996182 0.020774 -0.000032 0.715901 0.046410 -0.696658 0.010988 0.000000 0.000000 0.000000 1.000000
0.660533 0.086091 0.745844 1.090576 0.065724 -0.996221 0.056785 -0.000117 0.747914 0.011511 -0.663695 0.039957 0.000000 0.000000 0.000000 1.000000
0.646420 0.101460 0.756206 1.079468 0.042126 -0.994353 0.097402 -0.000236 0.761818 -0.031107 -0.647044 0.080912 0.000000 0.000000 0.000000 1.000000
0.638236 0.114302 0.761308 1.066734 0.021669 -0.991192 0.130650 -0.000373 0.769536 -0.066889 -0.635091 0.127861 0.000000 0.000000 0.000000 1.000000
0.621632 0.119079 0.774205 1.054000 0.010354 -0.989540 0.143886 -0.000510 0.783241 -0.081428 -0.616362 0.174810 0.000000 0.000000 0.000000 1.000000
0.601771 0.118260 0.789865 1.042892 0.006710 -0.989690 0.143066 -0.000629 0.798641 -0.080793 -0.596360 0.215766 0.000000 0.000000 0.000000 1.000000
0.585212 0.117577 0.802311 1.035035 0.003742 -0.989813 0.142326 -0.000714 0.810872 -0.080288 -0.579690 0.244734 0.000000 0.000000 0.000000 1.000000
0.558044 0.116457 0.821599 1.032196 -0.000998 -0.990008 0.141006 -0.000744 0.829811 -0.079507 -0.552352 0.270340 0.000000 0.000000 0.000000 1.000000
0.513761 0.114631 0.850241 1.033863 -0.008404 -0.990314 0.138594 -0.000726 0.857892 -0.078349 -0.507821 0.308002 0.000000 0.000000 0.000000 1.000000
0.458247 0.112342 0.881697 1.039171 -0.017178 -0.990675 0.135155 -0.000669 0.888659 -0.077081 -0.452044 0.359270 0.000000 0.000000 0.000000 1.000000
0.395811 0.109767 0.911748 1.048911 -0.026437 -0.991057 0.130792 -0.000565 0.917951 -0.075873 -0.389369 0.414575 0.000000 0.000000 0.000000 1.000000
0.331519 0.107116 0.937348 1.061437 -0.035358 -0.991425 0.125801 -0.000430 0.942786 -0.074848 -0.324888 0.464572 0.000000 0.000000 0.000000 1.000000
0.271055 0.104623 0.956861 1.072737 -0.043226 -0.991750 0.120682 -0.000308 0.961593 -0.074073 -0.264296 0.500537 0.000000 0.000000 0.000000 1.000000
0.220441 0.102535 0.969996 1.077598 -0.049446 -0.992006 0.116099 -0.000256 0.974146 -0.073555 -0.213608 0.514324 0.000000 0.000000 0.000000 1.000000
0.185751 0.101105 0.977381 1.077598 -0.053524 -0.992174 0.112807 -0.000256 0.981138 -0.073267 -0.178886 0.514324 0.000000 0.000000 0.000000 1.000000
0.172912 0.100575 0.979789 1.077598 -0.054995 -0.992235 0.111558 -0.000256 0.983401 -0.073174 -0.166038 0.514324 0.000000 0.000000 0.000000 1.000000
0.172912 0.100575 0.979789 1.077598 -0.054995 -0.992235 0.111558 -0.000256 0.983401 -0.073174 -0.166038 0.514324 0.000000 0.000000 0.000000 1.000000
0.172912 0.100575 0.979789 1.077598 -0.054995 -0.992235 0.111558 -0.000256 0.983401 -0.073174 -0.166038 0.514324 0.000000 0.000000 0.000000 1.000000
0.172912 0.100575 0.979789 1.077598 -0.054995 -0.992235 0.111558 -0.000256 0.983401 -0.073174 -0.166038 0.514324 0.000000 0.000000 0.000000 1.000000
0.172912 0.100575 0.979789 1.077598 -0.054995 -0.992235 0.111558 -0.000256 0.983401 -0.073174 -0.166038 0.514324 0.000000 0.000000 0.000000 1.000000
0.172912 0.100575 0.979789 1.077598 -0.054995 -0.992235 0.111558 -0.000256 0.983401 -0.073174 -0.166038 0.514324 0.000000 0.000000 0.000000 1.000000
0.172912 0.100575 0.979789 1.077598 -0.054995 -0.992235 0.111558 -0.000256 0.983401 -0.073174 -0.166038 0.514324 0.000000 0.000000 0.000000 1.000000
0.172912 0.100575 0.979789 1.077598 -0.054995 -0.992235 0.111558 -0.000256 0.983401 -0.073174 -0.166038 0.514324 0.000000 0.000000 0.000000 1.000000
0.172912 0.100575 0.979789 1.077598 -0.054995 -0.992235 0.111558 -0.000256 0.983401 -0.073174 -0.166038 0.514324 0.000000 0.000000 0.000000 1.000000
0.172912 0.100575 0.979789 1.077598 -0.054995 -0.992235 0.111558 -0.000256 0.983401 -0.073174 -0.166038 0.514324 0.000000 0.000000 0.000000 1.000000</float_array>
          <technique_common>
            <accessor source="#J_Spine_1-Matrix-animation-output-transform-array" count="35" stride="16">
              <param type="float4x4"/>
            </accessor>
          </technique_common>
        </source>
        <source id="J_Spine_1-Interpolations">
          <Name_array id="J_Spine_1-Interpolations-array" count="35">
 LINEAR LINEAR LINEAR LINEAR LINEAR LINEAR LINEAR LINEAR LINEAR LINEAR LINEAR
LINEAR LINEAR LINEAR LINEAR LINEAR LINEAR LINEAR LINEAR LINEAR LINEAR LINEAR LINEAR
LINEAR LINEAR LINEAR LINEAR LINEAR LINEAR LINEAR LINEAR LINEAR LINEAR LINEAR LINEAR</Name_array>
          <technique_common>
            <accessor source="#J_Spine_1-Interpolations-array" count="35">
              <param type="name"/>
            </accessor>
          </technique_common>
        </source>
        <sampler id="J_Spine_1-Matrix-animation-transform">
          <input semantic="INPUT" source="#J_Spine_1-Matrix-animation-input"/>
          <input semantic="OUTPUT" source="#J_Spine_1-Matrix-animation-output-transform"/>
          <input semantic="INTERPOLATION" source="#J_Spine_1-Interpolations"/>
        </sampler>
        <channel source="#J_Spine_1-Matrix-animation-transform" target="J_Spine_1/matrix"/>
      </animation>
    </animation>
    <animation id="J_Shoulder_L-anim" name="J_Shoulder_L">
      <animation>
        <source id="J_Shoulder_L-Matrix-animation-input">
          <float_array id="J_Shoulder_L-Matrix-animation-input-array" count="35">

0.041667 0.083333 0.125000 0.166667 0.208333 0.250000 0.291667 0.333333 0.375000 0.416667 0.458333 0.500000 0.541667 0.583333 0.625000 0.666667
0.708333 0.750000 0.791667 0.833333 0.875000 0.916667 0.958333 1.000000 1.041667 1.083333 1.125000 1.166667 1.208333 1.250000 1.291667 1.333333
1.375000 1.416667 1.458333</float_array>
          <technique_common>
            <accessor source="#J_Shoulder_L-Matrix-animation-input-array" count="35">
              <param name="TIME" type="float"/>
            </accessor>
          </technique_common>
        </source>
        <source id="J_Shoulder_L-Matrix-animation-output-transform">
          <float_array id="J_Shoulder_L-Matrix-animation-output-transform-array" count="560">

0.057250 0.997837 0.032313 0.646399 -0.996180 0.054958 0.067858 0.200554 0.065935 -0.036075 0.997172 0.000000 0.000000 0.000000 0.000000 1.000000
0.131006 0.971248 0.198782 0.646399 -0.987813 0.110886 0.109222 0.200554 0.084040 -0.210668 0.973939 0.000000 0.000000 0.000000 0.000000 1.000000
0.293323 0.864487 0.408195 0.646399 -0.951983 0.224956 0.207663 0.200554 0.087696 -0.449507 0.888962 0.000000 0.000000 0.000000 0.000000 1.000000
0.455605 0.712468 0.533679 0.646399 -0.883728 0.289946 0.367363 0.200554 0.106997 -0.639000 0.761729 0.000000 0.000000 0.000000 0.000000 1.000000
0.542739 0.649303 0.532766 0.646399 -0.822462 0.282275 0.493839 0.200554 0.170264 -0.706206 0.687229 0.000000 0.000000 0.000000 0.000000 1.000000
0.548850 0.698648 0.458972 0.646399 -0.778423 0.227050 0.585240 0.200554 0.304667 -0.678483 0.668460 0.000000 0.000000 0.000000 0.000000 1.000000
0.512760 0.776160 0.366952 0.646399 -0.711124 0.144496 0.688057 0.200554 0.481019 -0.613757 0.626038 0.000000 0.000000 0.000000 0.000000 1.000000
0.450916 0.848161 0.278024 0.646399 -0.618402 0.072256 0.782533 0.200554 0.643626 -0.524787 0.557086 0.000000 0.000000 0.000000 0.000000 1.000000
0.394714 0.895457 0.205811 0.646399 -0.525879 0.036493 0.849776 0.200554 0.753427 -0.443650 0.485307 -0.000000 0.000000 0.000000 0.000000 1.000000
0.381797 0.911265 0.154361 0.646399 -0.475085 0.050237 0.878504 0.200554 0.792795 -0.408746 0.452109 -0.000000 0.000000 0.000000 0.000000 1.000000
0.537650 0.768256 0.347442 0.646399 -0.502051 -0.039364 0.863942 0.200554 0.677405 -0.638931 0.364540 -0.000000 0.000000 0.000000 0.000000 1.000000
0.678689 0.546433 0.490706 0.646399 -0.492638 -0.156818 0.855988 0.200554 0.544692 -0.822690 0.162763 -0.000000 0.000000 0.000000 0.000000 1.000000
0.522526 0.747492 0.410149 0.646399 -0.576791 -0.044367 0.815686 0.200554 0.627916 -0.662787 0.407964 -0.000000 0.000000 0.000000 0.000000 1.000000
0.219162 0.971982 0.084965 0.646399 -0.599481 0.065440 0.797709 0.200554 0.769799 -0.225763 0.597027 -0.000000 0.000000 0.000000 0.000000 1.000000
0.076580 0.991053 -0.109311 0.646399 -0.544512 0.133410 0.828075 0.200554 0.835250 -0.003893 0.549857 -0.000000 0.000000 0.000000 0.000000 1.000000
0.368738 0.891062 0.264651 0.646399 -0.609803 0.017009 0.792371 0.200554 0.701550 -0.453562 0.549644 -0.000000 0.000000 0.000000 0.000000 1.000000
0.678689 0.546433 0.490706 0.646399 -0.492638 -0.156818 0.855988 0.200554 0.544692 -0.822690 0.162763 -0.000000 0.000000 0.000000 0.000000 1.000000
0.522526 0.747492 0.410149 0.646399 -0.576791 -0.044367 0.815686 0.200554 0.627916 -0.662787 0.407964 -0.000000 0.000000 0.000000 0.000000 1.000000
0.219162 0.971982 0.084965 0.646399 -0.599481 0.065440 0.797709 0.200554 0.769799 -0.225763 0.597027 -0.000000 0.000000 0.000000 0.000000 1.000000
0.076580 0.991053 -0.109311 0.646399 -0.544512 0.133410 0.828075 0.200554 0.835250 -0.003893 0.549857 -0.000000 0.000000 0.000000 0.000000 1.000000
0.368738 0.891062 0.264651 0.646399 -0.609803 0.017009 0.792371 0.200554 0.701550 -0.453562 0.549644 -0.000000 0.000000 0.000000 0.000000 1.000000
0.678689 0.546433 0.490706 0.646399 -0.492638 -0.156818 0.855988 0.200554 0.544692 -0.822690 0.162763 -0.000000 0.000000 0.000000 0.000000 1.000000
0.522526 0.747492 0.410149 0.646399 -0.576791 -0.044367 0.815686 0.200554 0.627916 -0.662787 0.407964 -0.000000 0.000000 0.000000 0.000000 1.000000
0.219162 0.971982 0.084965 0.646399 -0.599481 0.065440 0.797709 0.200554 0.769799 -0.225763 0.597027 -0.000000 0.000000 0.000000 0.000000 1.000000
0.076580 0.991053 -0.109311 0.646399 -0.544512 0.133410 0.828075 0.200554 0.835250 -0.003893 0.549857 -0.000000 0.000000 0.000000 0.000000 1.000000
0.368738 0.891062 0.264651 0.646399 -0.609803 0.017009 0.792371 0.200554 0.701550 -0.453562 0.549644 -0.000000 0.000000 0.000000 0.000000 1.000000
0.678689 0.546433 0.490706 0.646399 -0.492638 -0.156818 0.855988 0.200554 0.544692 -0.822690 0.162763 -0.000000 0.000000 0.000000 0.000000 1.000000
0.522526 0.747492 0.410149 0.646399 -0.576791 -0.044367 0.815686 0.200554 0.627916 -0.662787 0.407964 -0.000000 0.000000 0.000000 0.000000 1.000000
0.219162 0.971982 0.084965 0.646399 -0.599481 0.065440 0.797709 0.200554 0.769799 -0.225763 0.597027 -0.000000 0.000000 0.000000 0.000000 1.000000
0.076580 0.991053 -0.109311 0.646399 -0.544512 0.133410 0.828075 0.200554 0.835250 -0.003893 0.549857 -0.000000 0.000000 0.000000 0.000000 1.000000
0.368738 0.891062 0.264651 0.646399 -0.609803 0.017009 0.792371 0.200554 0.701550 -0.453562 0.549644 -0.000000 0.000000 0.000000 0.000000 1.000000
0.678689 0.546433 0.490706 0.646399 -0.492638 -0.156818 0.855988 0.200554 0.544692 -0.822690 0.162763 -0.000000 0.000000 0.000000 0.000000 1.000000
0.678689 0.546433 0.490706 0.646399 -0.492638 -0.156818 0.855988 0.200554 0.544692 -0.822690 0.162763 -0.000000 0.000000 0.000000 0.000000 1.000000
0.678689 0.546433 0.490706 0.646399 -0.492638 -0.156818 0.855988 0.200554 0.544692 -0.822690 0.162763 -0.000000 0.000000 0.000000 0.000000 1.000000
0.678689 0.546433 0.490706 0.646399 -0.492638 -0.156818 0.855988 0.200554 0.544692 -0.822690 0.162763 -0.000000 0.000000 0.000000 0.000000 1.000000</float_array>
          <technique_common>
            <accessor source="#J_Shoulder_L-Matrix-animation-output-transform-array" count="35" stride="16">
              <param type="float4x4"/>
            </accessor>
          </technique_common>
        </source>
        <source id="J_Shoulder_L-Interpolations">
          <Name_array id="J_Shoulder_L-Interpolations-array" count="35">
 LINEAR LINEAR LINEAR LINEAR LINEAR LINEAR LINEAR LINEAR LINEAR LINEAR LINEAR
LINEAR LINEAR LINEAR LINEAR LINEAR LINEAR LINEAR LINEAR LINEAR LINEAR LINEAR LINEAR
LINEAR LINEAR LINEAR LINEAR LINEAR LINEAR LINEAR LINEAR LINEAR LINEAR LINEAR LINEAR</Name_array>
          <technique_common>
            <accessor source="#J_Shoulder_L-Interpolations-array" count="35">
              <param type="name"/>
            </accessor>
          </technique_common>
        </source>
        <sampler id="J_Shoulder_L-Matrix-animation-transform">
          <input semantic="INPUT" source="#J_Shoulder_L-Matrix-animation-input"/>
          <input semantic="OUTPUT" source="#J_Shoulder_L-Matrix-animation-output-transform"/>
          <input semantic="INTERPOLATION" source="#J_Shoulder_L-Interpolations"/>
        </sampler>
        <channel source="#J_Shoulder_L-Matrix-animation-transform" target="J_Shoulder_L/matrix"/>
      </animation>
    </animation>
    <animation id="J_Elbow_L-anim" name="J_Elbow_L">
      <animation>
        <source id="J_Elbow_L-Matrix-animation-input">
          <float_array id="J_Elbow_L-Matrix-animation-input-array" count="35">

0.041667 0.083333 0.125000 0.166667 0.208333 0.250000 0.291667 0.333333 0.375000 0.416667 0.458333 0.500000 0.541667 0.583333 0.625000 0.666667
0.708333 0.750000 0.791667 0.833333 0.875000 0.916667 0.958333 1.000000 1.041667 1.083333 1.125000 1.166667 1.208333 1.250000 1.291667 1.333333
1.375000 1.416667 1.458333</float_array>
          <technique_common>
            <accessor source="#J_Elbow_L-Matrix-animation-input-array" count="35">
              <param name="TIME" type="float"/>
            </accessor>
          </technique_common>
        </source>
        <source id="J_Elbow_L-Matrix-animation-output-transform">
          <float_array id="J_Elbow_L-Matrix-animation-output-transform-array" count="560">

0.882936 0.318479 -0.344957 1.090086 -0.287446 0.947633 0.139161 0.000000 0.371213 -0.023713 0.928245 -0.000000 0.000000 0.000000 0.000000 1.000000
0.828171 0.406196 -0.386184 1.090086 -0.385762 0.912961 0.133005 0.000000 0.406597 0.038825 0.912782 -0.000000 0.000000 0.000000 0.000000 1.000000
0.777153 0.435915 -0.453886 1.090086 -0.468349 0.882370 0.045517 -0.000000 0.420337 0.177204 0.889897 -0.000000 0.000000 0.000000 0.000000 1.000000
0.731633 0.428426 -0.530249 1.090086 -0.535792 0.842306 -0.058722 0.000000 0.421474 0.327066 0.845806 0.000000 0.000000 0.000000 0.000000 1.000000
0.691827 0.419943 -0.587386 1.090086 -0.588454 0.799332 -0.121615 0.000000 0.418445 0.429786 0.800117 0.000000 0.000000 0.000000 0.000000 1.000000
0.658682 0.431743 -0.616228 1.090086 -0.634052 0.759450 -0.145646 0.000000 0.405113 0.486655 0.773984 0.000000 0.000000 0.000000 0.000000 1.000000
0.632112 0.450553 -0.630425 1.090086 -0.677212 0.716616 -0.166872 0.000000 0.376588 0.532413 0.758101 0.000000 0.000000 0.000000 0.000000 1.000000
0.611365 0.471146 -0.635810 1.090086 -0.713195 0.676193 -0.184704 -0.000000 0.342908 0.566379 0.749419 0.000000 0.000000 0.000000 0.000000 1.000000
0.597469 0.487833 -0.636435 1.090086 -0.737587 0.645733 -0.197469 0.000000 0.314635 0.587408 0.745625 -0.000000 0.000000 0.000000 0.000000 1.000000
0.592438 0.494775 -0.635780 1.090086 -0.746564 0.633758 -0.202468 0.000000 0.302755 0.594599 0.744843 0.000000 0.000000 0.000000 0.000000 1.000000
0.592438 0.494775 -0.635780 1.090086 -0.746564 0.633758 -0.202468 -0.000000 0.302755 0.594599 0.744843 -0.000000 0.000000 0.000000 0.000000 1.000000
0.592438 0.494775 -0.635780 1.090086 -0.746564 0.633758 -0.202468 0.000000 0.302755 0.594599 0.744843 -0.000000 0.000000 0.000000 0.000000 1.000000
0.592438 0.494775 -0.635780 1.090086 -0.746564 0.633758 -0.202468 0.000000 0.302755 0.594599 0.744843 -0.000000 0.000000 0.000000 0.000000 1.000000
0.592438 0.494775 -0.635780 1.090086 -0.746564 0.633758 -0.202468 0.000000 0.302755 0.594599 0.744843 -0.000000 0.000000 0.000000 0.000000 1.000000
0.592438 0.494775 -0.635780 1.090086 -0.746564 0.633758 -0.202468 -0.000000 0.302755 0.594599 0.744843 -0.000000 0.000000 0.000000 0.000000 1.000000
0.592438 0.494775 -0.635780 1.090086 -0.746564 0.633758 -0.202468 -0.000000 0.302755 0.594599 0.744843 -0.000000 0.000000 0.000000 0.000000 1.000000
0.592438 0.494775 -0.635780 1.090086 -0.746564 0.633758 -0.202468 -0.000000 0.302755 0.594599 0.744843 0.000000 0.000000 0.000000 0.000000 1.000000
0.592438 0.494775 -0.635780 1.090086 -0.746564 0.633758 -0.202468 0.000000 0.302755 0.594599 0.744843 -0.000000 0.000000 0.000000 0.000000 1.000000
0.592438 0.494775 -0.635780 1.090086 -0.746564 0.633758 -0.202468 0.000000 0.302755 0.594599 0.744843 0.000000 0.000000 0.000000 0.000000 1.000000
0.592438 0.494775 -0.635780 1.090086 -0.746564 0.633758 -0.202468 0.000000 0.302755 0.594599 0.744843 -0.000000 0.000000 0.000000 0.000000 1.000000
0.592438 0.494775 -0.635780 1.090086 -0.746564 0.633758 -0.202468 -0.000000 0.302755 0.594599 0.744843 0.000000 0.000000 0.000000 0.000000 1.000000
0.592438 0.494775 -0.635780 1.090086 -0.746564 0.633758 -0.202468 0.000000 0.302755 0.594599 0.744843 0.000000 0.000000 0.000000 0.000000 1.000000
0.592438 0.494775 -0.635780 1.090086 -0.746564 0.633758 -0.202468 -0.000000 0.302755 0.594599 0.744843 -0.000000 0.000000 0.000000 0.000000 1.000000
0.592438 0.494775 -0.635780 1.090086 -0.746564 0.633758 -0.202468 0.000000 0.302755 0.594599 0.744843 -0.000000 0.000000 0.000000 0.000000 1.000000
0.592438 0.494775 -0.635780 1.090086 -0.746564 0.633758 -0.202468 0.000000 0.302755 0.594599 0.744843 0.000000 0.000000 0.000000 0.000000 1.000000
0.592438 0.494775 -0.635780 1.090086 -0.746564 0.633758 -0.202468 0.000000 0.302755 0.594599 0.744843 0.000000 0.000000 0.000000 0.000000 1.000000
0.592438 0.494775 -0.635780 1.090086 -0.746564 0.633758 -0.202468 0.000000 0.302755 0.594599 0.744843 -0.000000 0.000000 0.000000 0.000000 1.000000
0.592438 0.494775 -0.635780 1.090086 -0.746564 0.633758 -0.202468 -0.000000 0.302755 0.594599 0.744843 0.000000 0.000000 0.000000 0.000000 1.000000
0.592438 0.494775 -0.635780 1.090086 -0.746564 0.633758 -0.202468 0.000000 0.302755 0.594599 0.744843 0.000000 0.000000 0.000000 0.000000 1.000000
0.592438 0.494775 -0.635780 1.090086 -0.746564 0.633758 -0.202468 0.000000 0.302755 0.594599 0.744843 -0.000000 0.000000 0.000000 0.000000 1.000000
0.592438 0.494775 -0.635780 1.090086 -0.746564 0.633758 -0.202468 0.000000 0.302755 0.594599 0.744843 0.000000 0.000000 0.000000 0.000000 1.000000
0.592438 0.494775 -0.635780 1.090086 -0.746564 0.633758 -0.202468 0.000000 0.302755 0.594599 0.744843 0.000000 0.000000 0.000000 0.000000 1.000000
0.592438 0.494775 -0.635780 1.090086 -0.746564 0.633758 -0.202468 -0.000000 0.302755 0.594599 0.744843 0.000000 0.000000 0.000000 0.000000 1.000000
0.592438 0.494775 -0.635780 1.090086 -0.746564 0.633758 -0.202468 0.000000 0.302755 0.594599 0.744843 0.000000 0.000000 0.000000 0.000000 1.000000
0.592438 0.494775 -0.635780 1.090086 -0.746564 0.633758 -0.202468 -0.000000 0.302755 0.594599 0.744843 0.000000 0.000000 0.000000 0.000000 1.000000</float_array>
          <technique_common>
            <accessor source="#J_Elbow_L-Matrix-animation-output-transform-array" count="35" stride="16">
              <param type="float4x4"/>
            </accessor>
          </technique_common>
        </source>
        <source id="J_Elbow_L-Interpolations">
          <Name_array id="J_Elbow_L-Interpolations-array" count="35">
 LINEAR LINEAR LINEAR LINEAR LINEAR LINEAR LINEAR LINEAR LINEAR LINEAR LINEAR
LINEAR LINEAR LINEAR LINEAR LINEAR LINEAR LINEAR LINEAR LINEAR LINEAR LINEAR LINEAR
LINEAR LINEAR LINEAR LINEAR LINEAR LINEAR LINEAR LINEAR LINEAR LINEAR LINEAR LINEAR</Name_array>
          <technique_common>
            <accessor source="#J_Elbow_L-Interpolations-array" count="35">
              <param type="name"/>
            </accessor>
          </technique_common>
        </source>
        <sampler id="J_Elbow_L-Matrix-animation-transform">
          <input semantic="INPUT" source="#J_Elbow_L-Matrix-animation-input"/>
          <input semantic="OUTPUT" source="#J_Elbow_L-Matrix-animation-output-transform"/>
          <input semantic="INTERPOLATION" source="#J_Elbow_L-Interpolations"/>
        </sampler>
        <channel source="#J_Elbow_L-Matrix-animation-transform" target="J_Elbow_L/matrix"/>
      </animation>
    </animation>
    <animation id="J_Hand_L-anim" name="J_Hand_L">
      <animation>
        <source id="J_Hand_L-Matrix-animation-input">
          <float_array id="J_Hand_L-Matrix-animation-input-array" count="35">

0.041667 0.083333 0.125000 0.166667 0.208333 0.250000 0.291667 0.333333 0.375000 0.416667 0.458333 0.500000 0.541667 0.583333 0.625000 0.666667
0.708333 0.750000 0.791667 0.833333 0.875000 0.916667 0.958333 1.000000 1.041667 1.083333 1.125000 1.166667 1.208333 1.250000 1.291667 1.333333
1.375000 1.416667 1.458333</float_array>
          <technique_common>
            <accessor source="#J_Hand_L-Matrix-animation-input-array" count="35">
              <param name="TIME" type="float"/>
            </accessor>
          </technique_common>
        </source>
        <source id="J_Hand_L-Matrix-animation-output-transform">
          <float_array id="J_Hand_L-Matrix-animation-output-transform-array" count="560">

0.959068 0.283177 0.000000 1.208860 -0.283177 0.959068 0.000000 -0.000000 -0.000000 0.000000 1.000000 0.000000 0.000000 0.000000 0.000000 1.000000
0.959068 0.283177 0.000000 1.208860 -0.283177 0.959068 0.000000 -0.000000 0.000000 0.000000 1.000000 0.000000 0.000000 0.000000 0.000000 1.000000
0.959068 0.283177 -0.000000 1.208860 -0.283177 0.959068 0.000000 -0.000000 0.000000 0.000000 1.000000 0.000000 0.000000 0.000000 0.000000 1.000000
0.959068 0.283177 0.000000 1.208860 -0.283177 0.959068 0.000000 -0.000000 0.000000 0.000000 1.000000 0.000000 0.000000 0.000000 0.000000 1.000000
0.959068 0.283177 -0.000000 1.208860 -0.283177 0.959068 0.000000 -0.000000 0.000000 0.000000 1.000000 0.000000 0.000000 0.000000 0.000000 1.000000
0.959068 0.283177 0.000000 1.208860 -0.283177 0.959068 -0.000000 -0.000000 -0.000000 -0.000000 1.000000 0.000000 0.000000 0.000000 0.000000 1.000000
0.959068 0.283177 0.000000 1.208860 -0.283177 0.959068 -0.000000 -0.000000 -0.000000 -0.000000 1.000000 0.000000 0.000000 0.000000 0.000000 1.000000
0.959068 0.283177 -0.000000 1.208860 -0.283177 0.959068 0.000000 -0.000000 0.000000 -0.000000 1.000000 0.000000 0.000000 0.000000 0.000000 1.000000
0.959068 0.283177 -0.000000 1.208860 -0.283177 0.959068 -0.000000 -0.000000 -0.000000 0.000000 1.000000 0.000000 0.000000 0.000000 0.000000 1.000000
0.959068 0.283177 0.000000 1.208860 -0.283177 0.959068 -0.000000 -0.000000 -0.000000 0.000000 1.000000 0.000000 0.000000 0.000000 0.000000 1.000000
0.959068 0.283177 -0.000000 1.208860 -0.283177 0.959068 0.000000 -0.000000 -0.000000 0.000000 1.000000 0.000000 0.000000 0.000000 0.000000 1.000000
0.959068 0.283177 0.000000 1.208860 -0.283177 0.959068 -0.000000 -0.000000 -0.000000 0.000000 1.000000 0.000000 0.000000 0.000000 0.000000 1.000000
0.959068 0.283177 -0.000000 1.208860 -0.283177 0.959068 -0.000000 -0.000000 0.000000 0.000000 1.000000 0.000000 0.000000 0.000000 0.000000 1.000000
0.959068 0.283177 0.000000 1.208860 -0.283177 0.959068 0.000000 -0.000000 -0.000000 0.000000 1.000000 0.000000 0.000000 0.000000 0.000000 1.000000
0.959068 0.283177 -0.000000 1.208860 -0.283177 0.959068 0.000000 -0.000000 -0.000000 0.000000 1.000000 0.000000 0.000000 0.000000 0.000000 1.000000
0.959068 0.283177 -0.000000 1.208860 -0.283177 0.959068 0.000000 -0.000000 0.000000 0.000000 1.000000 0.000000 0.000000 0.000000 0.000000 1.000000
0.959068 0.283177 -0.000000 1.208860 -0.283177 0.959068 -0.000000 -0.000000 0.000000 -0.000000 1.000000 0.000000 0.000000 0.000000 0.000000 1.000000
0.959068 0.283177 0.000000 1.208860 -0.283177 0.959068 0.000000 -0.000000 0.000000 -0.000000 1.000000 0.000000 0.000000 0.000000 0.000000 1.000000
0.959068 0.283177 -0.000000 1.208860 -0.283177 0.959068 -0.000000 -0.000000 -0.000000 0.000000 1.000000 0.000000 0.000000 0.000000 0.000000 1.000000
0.959068 0.283177 -0.000000 1.208860 -0.283177 0.959068 -0.000000 -0.000000 -0.000000 0.000000 1.000000 0.000000 0.000000 0.000000 0.000000 1.000000
0.959068 0.283177 -0.000000 1.208860 -0.283177 0.959068 0.000000 -0.000000 0.000000 -0.000000 1.000000 0.000000 0.000000 0.000000 0.000000 1.000000
0.959068 0.283177 -0.000000 1.208860 -0.283177 0.959068 -0.000000 -0.000000 -0.000000 -0.000000 1.000000 0.000000 0.000000 0.000000 0.000000 1.000000
0.959068 0.283177 0.000000 1.208860 -0.283177 0.959068 0.000000 -0.000000 0.000000 0.000000 1.000000 0.000000 0.000000 0.000000 0.000000 1.000000
0.959068 0.283177 0.000000 1.208860 -0.283177 0.959068 0.000000 -0.000000 -0.000000 0.000000 1.000000 0.000000 0.000000 0.000000 0.000000 1.000000
0.959068 0.283177 0.000000 1.208860 -0.283177 0.959068 0.000000 -0.000000 0.000000 0.000000 1.000000 0.000000 0.000000 0.000000 0.000000 1.000000
0.959068 0.283177 0.000000 1.208860 -0.283177 0.959068 0.000000 -0.000000 0.000000 0.000000 1.000000 0.000000 0.000000 0.000000 0.000000 1.000000
0.959068 0.283177 -0.000000 1.208860 -0.283177 0.959068 0.000000 -0.000000 0.000000 0.000000 1.000000 0.000000 0.000000 0.000000 0.000000 1.000000
0.959068 0.283177 0.000000 1.208860 -0.283177 0.959068 0.000000 -0.000000 -0.000000 0.000000 1.000000 0.000000 0.000000 0.000000 0.000000 1.000000
0.959068 0.283177 0.000000 1.208860 -0.283177 0.959068 -0.000000 -0.000000 0.000000 -0.000000 1.000000 0.000000 0.000000 0.000000 0.000000 1.000000
0.959068 0.283177 -0.000000 1.208860 -0.283177 0.959068 -0.000000 -0.000000 -0.000000 0.000000 1.000000 0.000000 0.000000 0.000000 0.000000 1.000000
0.959068 0.283177 0.000000 1.208860 -0.283177 0.959068 0.000000 -0.000000 0.000000 0.000000 1.000000 0.000000 0.000000 0.000000 0.000000 1.000000
0.959068 0.283177 -0.000000 1.208860 -0.283177 0.959068 0.000000 -0.000000 0.000000 0.000000 1.000000 0.000000 0.000000 0.000000 0.000000 1.000000
0.959068 0.283177 -0.000000 1.208860 -0.283177 0.959068 0.000000 -0.000000 0.000000 0.000000 1.000000 0.000000 0.000000 0.000000 0.000000 1.000000
0.959068 0.283177 -0.000000 1.208860 -0.283177 0.959068 0.000000 -0.000000 0.000000 0.000000 1.000000 0.000000 0.000000 0.000000 0.000000 1.000000
0.959068 0.283177 -0.000000 1.208860 -0.283177 0.959068 0.000000 -0.000000 0.000000 0.000000 1.000000 0.000000 0.000000 0.000000 0.000000 1.000000</float_array>
          <technique_common>
            <accessor source="#J_Hand_L-Matrix-animation-output-transform-array" count="35" stride="16">
              <param type="float4x4"/>
            </accessor>
          </technique_common>
        </source>
        <source id="J_Hand_L-Interpolations">
          <Name_array id="J_Hand_L-Interpolations-array" count="35">
 LINEAR LINEAR LINEAR LINEAR LINEAR LINEAR LINEAR LINEAR LINEAR LINEAR LINEAR
LINEAR LINEAR LINEAR LINEAR LINEAR LINEAR LINEAR LINEAR LINEAR LINEAR LINEAR LINEAR
LINEAR LINEAR LINEAR LINEAR LINEAR LINEAR LINEAR LINEAR LINEAR LINEAR LINEAR LINEAR</Name_array>
          <technique_common>
            <accessor source="#J_Hand_L-Interpolations-array" count="35">
              <param type="name"/>
            </accessor>
          </technique_common>
        </source>
        <sampler id="J_Hand_L-Matrix-animation-transform">
          <input semantic="INPUT" source="#J_Hand_L-Matrix-animation-input"/>
          <input semantic="OUTPUT" source="#J_Hand_L-Matrix-animation-output-transform"/>
          <input semantic="INTERPOLATION" source="#J_Hand_L-Interpolations"/>
        </sampler>
        <channel source="#J_Hand_L-Matrix-animation-transform" target="J_Hand_L/matrix"/>
      </animation>
    </animation>
    <animation id="J_Finger_1-anim" name="J_Finger_1">
      <animation>
        <source id="J_Finger_1-Matrix-animation-input">
          <float_array id="J_Finger_1-Matrix-animation-input-array" count="35">

0.041667 0.083333 0.125000 0.166667 0.208333 0.250000 0.291667 0.333333 0.375000 0.416667 0.458333 0.500000 0.541667 0.583333 0.625000 0.666667
0.708333 0.750000 0.791667 0.833333 0.875000 0.916667 0.958333 1.000000 1.041667 1.083333 1.125000 1.166667 1.208333 1.250000 1.291667 1.333333
1.375000 1.416667 1.458333</float_array>
          <technique_common>
            <accessor source="#J_Finger_1-Matrix-animation-input-array" count="35">
              <param name="TIME" type="float"/>
            </accessor>
          </technique_common>
        </source>
        <source id="J_Finger_1-Matrix-animation-output-transform">
          <float_array id="J_Finger_1-Matrix-animation-output-transform-array" count="560">

1.000000 0.000000 0.000000 1.073009 -0.000000 1.000000 0.000000 0.150295 0.000000 0.000000 1.000000 -0.336451 0.000000 0.000000 0.000000 1.000000
1.000000 0.000000 -0.000000 1.073009 -0.000000 1.000000 0.000000 0.150295 0.000000 0.000000 1.000000 -0.336451 0.000000 0.000000 0.000000 1.000000
1.000000 0.000000 -0.000000 1.073009 0.000000 1.000000 0.000000 0.150295 0.000000 0.000000 1.000000 -0.336451 0.000000 0.000000 0.000000 1.000000
1.000000 0.000000 0.000000 1.073009 0.000000 1.000000 -0.000000 0.150295 0.000000 0.000000 1.000000 -0.336451 0.000000 0.000000 0.000000 1.000000
1.000000 0.000000 0.000000 1.073009 -0.000000 1.000000 0.000000 0.150295 -0.000000 0.000000 1.000000 -0.336451 0.000000 0.000000 0.000000 1.000000
1.000000 0.000000 0.000000 1.073009 -0.000000 1.000000 0.000000 0.150295 0.000000 -0.000000 1.000000 -0.336451 0.000000 0.000000 0.000000 1.000000
1.000000 0.000000 -0.000000 1.073009 0.000000 1.000000 0.000000 0.150295 -0.000000 0.000000 1.000000 -0.336451 0.000000 0.000000 0.000000 1.000000
1.000000 0.000000 -0.000000 1.073009 0.000000 1.000000 -0.000000 0.150295 0.000000 -0.000000 1.000000 -0.336451 0.000000 0.000000 0.000000 1.000000
1.000000 0.000000 -0.000000 1.073009 0.000000 1.000000 0.000000 0.150295 0.000000 -0.000000 1.000000 -0.336451 0.000000 0.000000 0.000000 1.000000
1.000000 0.000000 0.000000 1.073009 0.000000 1.000000 0.000000 0.150295 -0.000000 0.000000 1.000000 -0.336451 0.000000 0.000000 0.000000 1.000000
