<?xml version="1.0" encoding="utf-8"?>
<COLLADA xmlns="http://www.collada.org/2005/11/COLLADASchema" version="1.4.1">
  <asset>
    <contributor>
      <author/>
      <authoring_tool>FBX COLLADA exporter</authoring_tool>
      <comments/>
    </contributor>
    <created>2019-11-16T18:34:39Z</created>
    <keywords/>
    <modified>2019-11-16T18:34:39Z</modified>
    <revision/>
    <subject/>
    <title/>
    <unit meter="0.010000" name="centimeter"/>
    <up_axis>Y_UP</up_axis>
  </asset>
  <library_animations>
    <animation id="J_Hip-anim" name="J_Hip">
      <animation>
        <source id="J_Hip-Matrix-animation-input">
          <float_array id="J_Hip-Matrix-animation-input-array" count="30">

0.041667 0.083333 0.125000 0.166667 0.208333 0.250000 0.291667 0.333333 0.375000 0.416667 0.458333 0.500000 0.541667 0.583333 0.625000 0.666667
0.708333 0.750000 0.791667 0.833333 0.875000 0.916667 0.958333 1.000000 1.041667 1.083333 1.125000 1.166667 1.208333 1.250000</float_array>
          <technique_common>
            <accessor source="#J_Hip-Matrix-animation-input-array" count="30">
              <param name="TIME" type="float"/>
            </accessor>
          </technique_common>
        </source>
        <source id="J_Hip-Matrix-animation-output-transform">
          <float_array id="J_Hip-Matrix-animation-output-transform-array" count="480">

0.010752 -0.999942 0.000000 0.060398 0.999942 0.010752 0.000000 -1.859790 0.000000 0.000000 1.000000 0.000000 0.000000 0.000000 0.000000 1.000000
0.010752 -0.999942 0.000000 0.060398 0.999942 0.010752 0.000000 -1.859790 0.000000 0.000000 1.000000 0.000000 0.000000 0.000000 0.000000 1.000000
0.010752 -0.999942 0.000000 0.060398 0.999942 0.010752 0.000000 -1.859790 0.000000 0.000000 1.000000 0.000000 0.000000 0.000000 0.000000 1.000000
0.010752 -0.999942 0.000000 0.060398 0.999942 0.010752 0.000000 -1.859790 0.000000 0.000000 1.000000 0.000000 0.000000 0.000000 0.000000 1.000000
0.010752 -0.999942 0.000000 0.060398 0.999942 0.010752 0.000000 -1.859790 0.000000 0.000000 1.000000 0.000000 0.000000 0.000000 0.000000 1.000000
0.010752 -0.999942 0.000000 0.060398 0.999942 0.010752 0.000000 -1.859790 0.000000 0.000000 1.000000 0.000000 0.000000 0.000000 0.000000 1.000000
0.010752 -0.999942 0.000000 0.060398 0.999942 0.010752 0.000000 -1.859790 0.000000 0.000000 1.000000 0.000000 0.000000 0.000000 0.000000 1.000000
0.010752 -0.999942 0.000000 0.060398 0.999942 0.010752 0.000000 -1.859790 0.000000 0.000000 1.000000 0.000000 0.000000 0.000000 0.000000 1.000000
0.010752 -0.999942 0.000000 0.060398 0.999942 0.010752 0.000000 -1.859790 0.000000 0.000000 1.000000 0.000000 0.000000 0.000000 0.000000 1.000000
0.010752 -0.999942 0.000000 0.060398 0.999942 0.010752 0.000000 -1.859790 0.000000 0.000000 1.000000 0.000000 0.000000 0.000000 0.000000 1.000000
0.010752 -0.999942 0.000000 0.060398 0.999942 0.010752 0.000000 -1.859790 0.000000 0.000000 1.000000 0.000000 0.000000 0.000000 0.000000 1.000000
0.010752 -0.999942 0.000000 0.060398 0.999942 0.010752 0.000000 -1.859790 0.000000 0.000000 1.000000 0.000000 0.000000 0.000000 0.000000 1.000000
0.010752 -0.999942 0.000000 0.060398 0.999942 0.010752 0.000000 -1.859790 0.000000 0.000000 1.000000 0.000000 0.000000 0.000000 0.000000 1.000000
0.010752 -0.999942 0.000000 0.060398 0.999942 0.010752 0.000000 -1.859790 0.000000 0.000000 1.000000 0.000000 0.000000 0.000000 0.000000 1.000000
0.010752 -0.999942 0.000000 0.060398 0.999942 0.010752 0.000000 -1.859790 0.000000 0.000000 1.000000 0.000000 0.000000 0.000000 0.000000 1.000000
0.010752 -0.999942 0.000000 0.060398 0.999942 0.010752 0.000000 -1.859790 0.000000 0.000000 1.000000 0.000000 0.000000 0.000000 0.000000 1.000000
0.010752 -0.999942 0.000000 0.060398 0.999942 0.010752 0.000000 -1.859790 0.000000 0.000000 1.000000 0.000000 0.000000 0.000000 0.000000 1.000000
0.010752 -0.999942 0.000000 0.060398 0.999942 0.010752 0.000000 -1.859790 0.000000 0.000000 1.000000 0.000000 0.000000 0.000000 0.000000 1.000000
0.010752 -0.999942 0.000000 0.060398 0.999942 0.010752 0.000000 -1.859790 0.000000 0.000000 1.000000 0.000000 0.000000 0.000000 0.000000 1.000000
0.010752 -0.999942 0.000000 0.060398 0.999942 0.010752 0.000000 -1.859790 0.000000 0.000000 1.000000 0.000000 0.000000 0.000000 0.000000 1.000000
0.010752 -0.999942 0.000000 0.060398 0.999942 0.010752 0.000000 -1.859790 0.000000 0.000000 1.000000 0.000000 0.000000 0.000000 0.000000 1.000000
0.010752 -0.999942 0.000000 0.060398 0.999942 0.010752 0.000000 -1.859790 0.000000 0.000000 1.000000 0.000000 0.000000 0.000000 0.000000 1.000000
0.010752 -0.999942 0.000000 0.060398 0.999942 0.010752 0.000000 -1.859790 0.000000 0.000000 1.000000 0.000000 0.000000 0.000000 0.000000 1.000000
0.010752 -0.999942 0.000000 0.060398 0.999942 0.010752 0.000000 -1.859790 0.000000 0.000000 1.000000 0.000000 0.000000 0.000000 0.000000 1.000000
0.010752 -0.999942 0.000000 0.060398 0.999942 0.010752 0.000000 -1.859790 0.000000 0.000000 1.000000 0.000000 0.000000 0.000000 0.000000 1.000000
0.010752 -0.999942 0.000000 0.060398 0.999942 0.010752 0.000000 -1.859790 0.000000 0.000000 1.000000 0.000000 0.000000 0.000000 0.000000 1.000000
0.010752 -0.999942 0.000000 0.060398 0.999942 0.010752 0.000000 -1.859790 0.000000 0.000000 1.000000 0.000000 0.000000 0.000000 0.000000 1.000000
0.010752 -0.999942 0.000000 0.060398 0.999942 0.010752 0.000000 -1.859790 0.000000 0.000000 1.000000 0.000000 0.000000 0.000000 0.000000 1.000000
0.010752 -0.999942 0.000000 0.060398 0.999942 0.010752 0.000000 -1.859790 0.000000 0.000000 1.000000 0.000000 0.000000 0.000000 0.000000 1.000000
0.010752 -0.999942 0.000000 0.060398 0.999942 0.010752 0.000000 -1.859790 0.000000 0.000000 1.000000 0.000000 0.000000 0.000000 0.000000 1.000000</float_array>
          <technique_common>
            <accessor source="#J_Hip-Matrix-animation-output-transform-array" count="30" stride="16">
              <param type="float4x4"/>
            </accessor>
          </technique_common>
        </source>
        <source id="J_Hip-Interpolations">
          <Name_array id="J_Hip-Interpolations-array" count="30">
 LINEAR LINEAR LINEAR LINEAR LINEAR LINEAR LINEAR LINEAR LINEAR LINEAR LINEAR
LINEAR LINEAR LINEAR LINEAR LINEAR LINEAR LINEAR LINEAR LINEAR LINEAR LINEAR LINEAR
LINEAR LINEAR LINEAR LINEAR LINEAR LINEAR LINEAR</Name_array>
          <technique_common>
            <accessor source="#J_Hip-Interpolations-array" count="30">
              <param type="name"/>
            </accessor>
          </technique_common>
        </source>
        <sampler id="J_Hip-Matrix-animation-transform">
          <input semantic="INPUT" source="#J_Hip-Matrix-animation-input"/>
          <input semantic="OUTPUT" source="#J_Hip-Matrix-animation-output-transform"/>
          <input semantic="INTERPOLATION" source="#J_Hip-Interpolations"/>
        </sampler>
        <channel source="#J_Hip-Matrix-animation-transform" target="J_Hip/matrix"/>
      </animation>
    </animation>
    <animation id="J_Spine_1-anim" name="J_Spine_1">
      <animation>
        <source id="J_Spine_1-Matrix-animation-input">
          <float_array id="J_Spine_1-Matrix-animation-input-array" count="30">

0.041667 0.083333 0.125000 0.166667 0.208333 0.250000 0.291667 0.333333 0.375000 0.416667 0.458333 0.500000 0.541667 0.583333 0.625000 0.666667
0.708333 0.750000 0.791667 0.833333 0.875000 0.916667 0.958333 1.000000 1.041667 1.083333 1.125000 1.166667 1.208333 1.250000</float_array>
          <technique_common>
            <accessor source="#J_Spine_1-Matrix-animation-input-array" count="30">
              <param name="TIME" type="float"/>
            </accessor>
          </technique_common>
        </source>
        <source id="J_Spine_1-Matrix-animation-output-transform">
          <float_array id="J_Spine_1-Matrix-animation-output-transform-array" count="480">

0.998650 0.051943 0.000000 1.101413 0.051943 -0.998650 -0.000000 -0.000000 -0.000000 0.000000 -1.000000 0.000000 0.000000 0.000000 0.000000 1.000000
0.998650 0.051943 0.000000 1.094427 0.051943 -0.998650 -0.000000 -0.000075 -0.000000 0.000000 -1.000000 0.000000 0.000000 0.000000 0.000000 1.000000
0.998650 0.051943 0.000000 1.075270 0.051943 -0.998650 -0.000000 -0.000281 -0.000000 0.000000 -1.000000 0.000000 0.000000 0.000000 0.000000 1.000000
0.998650 0.051943 0.000000 1.046649 0.051943 -0.998650 -0.000000 -0.000589 -0.000000 0.000000 -1.000000 0.000000 0.000000 0.000000 0.000000 1.000000
0.998650 0.051943 0.000000 1.011266 0.051943 -0.998650 -0.000000 -0.000969 -0.000000 0.000000 -1.000000 0.000000 0.000000 0.000000 0.000000 1.000000
0.998650 0.051943 0.000000 0.971826 0.051943 -0.998650 -0.000000 -0.001393 -0.000000 0.000000 -1.000000 0.000000 0.000000 0.000000 0.000000 1.000000
0.998650 0.051943 0.000000 0.931035 0.051943 -0.998650 -0.000000 -0.001832 -0.000000 0.000000 -1.000000 0.000000 0.000000 0.000000 0.000000 1.000000
0.998650 0.051943 0.000000 0.891595 0.051943 -0.998650 -0.000000 -0.002256 -0.000000 0.000000 -1.000000 0.000000 0.000000 0.000000 0.000000 1.000000
0.998650 0.051943 0.000000 0.856213 0.051943 -0.998650 -0.000000 -0.002637 -0.000000 0.000000 -1.000000 0.000000 0.000000 0.000000 0.000000 1.000000
0.998650 0.051943 0.000000 0.827591 0.051943 -0.998650 -0.000000 -0.002944 -0.000000 0.000000 -1.000000 0.000000 0.000000 0.000000 0.000000 1.000000
0.998650 0.051943 0.000000 0.808435 0.051943 -0.998650 -0.000000 -0.003150 -0.000000 0.000000 -1.000000 0.000000 0.000000 0.000000 0.000000 1.000000
0.998650 0.051943 0.000000 0.801448 0.051943 -0.998650 -0.000000 -0.003225 -0.000000 0.000000 -1.000000 0.000000 0.000000 0.000000 0.000000 1.000000
0.998650 0.051943 0.000000 0.807350 0.051943 -0.998650 -0.000000 -0.003162 -0.000000 0.000000 -1.000000 0.000000 0.000000 0.000000 0.000000 1.000000
0.998650 0.051943 0.000000 0.823668 0.051943 -0.998650 -0.000000 -0.002987 -0.000000 0.000000 -1.000000 0.000000 0.000000 0.000000 0.000000 1.000000
0.998650 0.051943 0.000000 0.848318 0.051943 -0.998650 -0.000000 -0.002721 -0.000000 0.000000 -1.000000 0.000000 0.000000 0.000000 0.000000 1.000000
0.998650 0.051943 0.000000 0.879217 0.051943 -0.998650 -0.000000 -0.002389 -0.000000 0.000000 -1.000000 0.000000 0.000000 0.000000 0.000000 1.000000
0.998650 0.051943 0.000000 0.914282 0.051943 -0.998650 -0.000000 -0.002012 -0.000000 0.000000 -1.000000 0.000000 0.000000 0.000000 0.000000 1.000000
0.998650 0.051943 0.000000 0.951431 0.051943 -0.998650 -0.000000 -0.001613 -0.000000 0.000000 -1.000000 0.000000 0.000000 0.000000 0.000000 1.000000
0.998650 0.051943 0.000000 0.988579 0.051943 -0.998650 -0.000000 -0.001213 -0.000000 0.000000 -1.000000 0.000000 0.000000 0.000000 0.000000 1.000000
0.998650 0.051943 0.000000 1.023644 0.051943 -0.998650 -0.000000 -0.000836 -0.000000 0.000000 -1.000000 0.000000 0.000000 0.000000 0.000000 1.000000
0.998650 0.051943 0.000000 1.054543 0.051943 -0.998650 -0.000000 -0.000504 -0.000000 0.000000 -1.000000 0.000000 0.000000 0.000000 0.000000 1.000000
0.998650 0.051943 0.000000 1.079193 0.051943 -0.998650 -0.000000 -0.000239 -0.000000 0.000000 -1.000000 0.000000 0.000000 0.000000 0.000000 1.000000
0.998650 0.051943 0.000000 1.095511 0.051943 -0.998650 -0.000000 -0.000063 -0.000000 0.000000 -1.000000 0.000000 0.000000 0.000000 0.000000 1.000000
0.998650 0.051943 0.000000 1.101413 0.051943 -0.998650 -0.000000 -0.000000 -0.000000 0.000000 -1.000000 0.000000 0.000000 0.000000 0.000000 1.000000
0.998650 0.051943 0.000000 1.101413 0.051943 -0.998650 -0.000000 -0.000000 -0.000000 0.000000 -1.000000 0.000000 0.000000 0.000000 0.000000 1.000000
0.998650 0.051943 0.000000 1.101413 0.051943 -0.998650 -0.000000 -0.000000 -0.000000 0.000000 -1.000000 0.000000 0.000000 0.000000 0.000000 1.000000
0.998650 0.051943 0.000000 1.101413 0.051943 -0.998650 -0.000000 -0.000000 -0.000000 0.000000 -1.000000 0.000000 0.000000 0.000000 0.000000 1.000000
0.998650 0.051943 0.000000 1.101413 0.051943 -0.998650 -0.000000 -0.000000 -0.000000 0.000000 -1.000000 0.000000 0.000000 0.000000 0.000000 1.000000
0.998650 0.051943 0.000000 1.101413 0.051943 -0.998650 -0.000000 -0.000000 -0.000000 0.000000 -1.000000 0.000000 0.000000 0.000000 0.000000 1.000000
0.998650 0.051943 0.000000 1.101413 0.051943 -0.998650 -0.000000 -0.000000 -0.000000 0.000000 -1.000000 0.000000 0.000000 0.000000 0.000000 1.000000</float_array>
          <technique_common>
            <accessor source="#J_Spine_1-Matrix-animation-output-transform-array" count="30" stride="16">
              <param type="float4x4"/>
            </accessor>
          </technique_common>
        </source>
        <source id="J_Spine_1-Interpolations">
          <Name_array id="J_Spine_1-Interpolations-array" count="30">
 LINEAR LINEAR LINEAR LINEAR LINEAR LINEAR LINEAR LINEAR LINEAR LINEAR LINEAR
LINEAR LINEAR LINEAR LINEAR LINEAR LINEAR LINEAR LINEAR LINEAR LINEAR LINEAR LINEAR
LINEAR LINEAR LINEAR LINEAR LINEAR LINEAR LINEAR</Name_array>
          <technique_common>
            <accessor source="#J_Spine_1-Interpolations-array" count="30">
              <param type="name"/>
            </accessor>
          </technique_common>
        </source>
        <sampler id="J_Spine_1-Matrix-animation-transform">
          <input semantic="INPUT" source="#J_Spine_1-Matrix-animation-input"/>
          <input semantic="OUTPUT" source="#J_Spine_1-Matrix-animation-output-transform"/>
          <input semantic="INTERPOLATION" source="#J_Spine_1-Interpolations"/>
        </sampler>
        <channel source="#J_Spine_1-Matrix-animation-transform" target="J_Spine_1/matrix"/>
      </animation>
    </animation>
    <animation id="J_Shoulder_L-anim" name="J_Shoulder_L">
      <animation>
        <source id="J_Shoulder_L-Matrix-animation-input">
          <float_array id="J_Shoulder_L-Matrix-animation-input-array" count="30">

0.041667 0.083333 0.125000 0.166667 0.208333 0.250000 0.291667 0.333333 0.375000 0.416667 0.458333 0.500000 0.541667 0.583333 0.625000 0.666667
0.708333 0.750000 0.791667 0.833333 0.875000 0.916667 0.958333 1.000000 1.041667 1.083333 1.125000 1.166667 1.208333 1.250000</float_array>
          <technique_common>
            <accessor source="#J_Shoulder_L-Matrix-animation-input-array" count="30">
              <param name="TIME" type="float"/>
            </accessor>
          </technique_common>
        </source>
        <source id="J_Shoulder_L-Matrix-animation-output-transform">
          <float_array id="J_Shoulder_L-Matrix-animation-output-transform-array" count="480">

0.613850 0.202969 -0.762884 0.550898 -0.123189 0.979172 0.161390 -0.000000 0.779752 -0.005090 0.626068 0.000000 0.000000 0.000000 0.000000 1.000000
0.633463 0.206298 -0.745766 0.550898 -0.130504 0.978481 0.159821 -0.000000 0.762689 -0.003915 0.646754 0.000000 0.000000 0.000000 0.000000 1.000000
0.684670 0.215653 -0.696219 0.550898 -0.150633 0.976470 0.154326 -0.000000 0.713117 -0.000789 0.701044 0.000000 0.000000 0.000000 0.000000 1.000000
0.753689 0.230128 -0.615625 0.550898 -0.180578 0.973154 0.142701 -0.000000 0.631937 0.003616 0.775011 0.000000 0.000000 0.000000 0.000000 1.000000
0.825549 0.248697 -0.506576 0.550898 -0.216553 0.968544 0.122587 -0.000000 0.521128 0.008499 0.853436 0.000000 0.000000 0.000000 0.000000 1.000000
0.886710 0.270047 -0.375261 0.550898 -0.253922 0.962760 0.092829 -0.000000 0.386354 0.012974 0.922259 0.000000 0.000000 0.000000 0.000000 1.000000
0.927718 0.292519 -0.231888 0.550898 -0.287858 0.956122 0.054479 -0.000000 0.237649 0.016210 0.971216 0.000000 0.000000 0.000000 0.000000 1.000000
0.945151 0.314192 -0.089293 0.550898 -0.314486 0.949197 0.011120 -0.000000 0.088250 0.017571 0.995943 0.000000 0.000000 0.000000 0.000000 1.000000
0.942079 0.333070 0.039392 0.550898 -0.331987 0.942754 -0.031598 -0.000000 -0.047662 0.016690 0.998724 0.000000 0.000000 0.000000 0.000000 1.000000
0.926817 0.347306 0.142786 0.550898 -0.341046 0.937656 -0.066999 -0.000000 -0.157153 0.013399 0.987483 0.000000 0.000000 0.000000 0.000000 1.000000
0.910354 0.355413 0.211984 0.550898 -0.344315 0.934679 -0.088445 -0.000000 -0.229572 0.007527 0.973263 0.000000 0.000000 0.000000 0.000000 1.000000
0.903079 0.356451 0.239565 0.550898 -0.344902 0.934313 -0.090011 -0.000000 -0.255913 -0.001339 0.966699 0.000000 0.000000 0.000000 0.000000 1.000000
0.912180 0.339252 0.229860 0.550898 -0.334668 0.940431 -0.059887 -0.000000 -0.236484 -0.022299 0.971380 0.000000 0.000000 0.000000 0.000000 1.000000
0.933157 0.303701 0.192311 0.550898 -0.309122 0.951020 -0.001905 -0.000000 -0.183470 -0.057670 0.981332 0.000000 0.000000 0.000000 0.000000 1.000000
0.955323 0.266228 0.128374 0.550898 -0.275961 0.958979 0.064850 -0.000000 -0.105844 -0.097379 0.989603 0.000000 0.000000 0.000000 0.000000 1.000000
0.969503 0.240982 0.044628 0.550898 -0.244720 0.961753 0.123057 -0.000000 -0.013267 -0.130226 0.991396 0.000000 0.000000 0.000000 0.000000 1.000000
0.970309 0.237138 -0.047608 0.550898 -0.226902 0.960623 0.160374 -0.000000 0.083764 -0.144810 0.985907 0.000000 0.000000 0.000000 0.000000 1.000000
0.955568 0.247547 -0.160030 0.550898 -0.218399 0.959183 0.179641 -0.000000 0.197968 -0.136708 0.970628 0.000000 0.000000 0.000000 0.000000 1.000000
0.919202 0.255923 -0.299286 0.550898 -0.205617 0.960113 0.189487 -0.000000 0.335842 -0.112639 0.935159 0.000000 0.000000 0.000000 0.000000 1.000000
0.858758 0.255421 -0.444179 0.550898 -0.187854 0.963477 0.190849 -0.000000 0.476703 -0.080452 0.875375 0.000000 0.000000 0.000000 0.000000 1.000000
0.780986 0.244320 -0.574776 0.550898 -0.166667 0.968464 0.185204 -0.000000 0.601899 -0.048846 0.797077 0.000000 0.000000 0.000000 0.000000 1.000000
0.700974 0.226633 -0.676220 0.550898 -0.145634 0.973674 0.175358 -0.000000 0.698159 -0.024441 0.715525 0.000000 0.000000 0.000000 0.000000 1.000000
0.638566 0.210069 -0.740341 0.550898 -0.129517 0.977636 0.165688 -0.000000 0.758590 -0.009916 0.651493 0.000000 0.000000 0.000000 0.000000 1.000000
0.613850 0.202969 -0.762884 0.550898 -0.123189 0.979172 0.161390 -0.000000 0.779752 -0.005090 0.626068 0.000000 0.000000 0.000000 0.000000 1.000000
0.613850 0.202969 -0.762884 0.550898 -0.123189 0.979172 0.161390 -0.000000 0.779752 -0.005090 0.626068 0.000000 0.000000 0.000000 0.000000 1.000000
0.613850 0.202969 -0.762884 0.550898 -0.123189 0.979172 0.161390 -0.000000 0.779752 -0.005090 0.626068 0.000000 0.000000 0.000000 0.000000 1.000000
0.613850 0.202969 -0.762884 0.550898 -0.123189 0.979172 0.161390 -0.000000 0.779752 -0.005090 0.626068 0.000000 0.000000 0.000000 0.000000 1.000000
0.613850 0.202969 -0.762884 0.550898 -0.123189 0.979172 0.161390 -0.000000 0.779752 -0.005090 0.626068 0.000000 0.000000 0.000000 0.000000 1.000000
0.613850 0.202969 -0.762884 0.550898 -0.123189 0.979172 0.161390 -0.000000 0.779752 -0.005090 0.626068 0.000000 0.000000 0.000000 0.000000 1.000000
0.613850 0.202969 -0.762884 0.550898 -0.123189 0.979172 0.161390 -0.000000 0.779752 -0.005090 0.626068 0.000000 0.000000 0.000000 0.000000 1.000000</float_array>
          <technique_common>
            <accessor source="#J_Shoulder_L-Matrix-animation-output-transform-array" count="30" stride="16">
              <param type="float4x4"/>
            </accessor>
          </technique_common>
        </source>
        <source id="J_Shoulder_L-Interpolations">
          <Name_array id="J_Shoulder_L-Interpolations-array" count="30">
 LINEAR LINEAR LINEAR LINEAR LINEAR LINEAR LINEAR LINEAR LINEAR LINEAR LINEAR
LINEAR LINEAR LINEAR LINEAR LINEAR LINEAR LINEAR LINEAR LINEAR LINEAR LINEAR LINEAR
LINEAR LINEAR LINEAR LINEAR LINEAR LINEAR LINEAR</Name_array>
          <technique_common>
            <accessor source="#J_Shoulder_L-Interpolations-array" count="30">
              <param type="name"/>
            </accessor>
          </technique_common>
        </source>
        <sampler id="J_Shoulder_L-Matrix-animation-transform">
          <input semantic="INPUT" source="#J_Shoulder_L-Matrix-animation-input"/>
          <input semantic="OUTPUT" source="#J_Shoulder_L-Matrix-animation-output-transform"/>
          <input semantic="INTERPOLATION" source="#J_Shoulder_L-Interpolations"/>
        </sampler>
        <channel source="#J_Shoulder_L-Matrix-animation-transform" target="J_Shoulder_L/matrix"/>
      </animation>
    </animation>
    <animation id="J_Elbow_L-anim" name="J_Elbow_L">
      <animation>
        <source id="J_Elbow_L-Matrix-animation-input">
          <float_array id="J_Elbow_L-Matrix-animation-input-array" count="30">

0.041667 0.083333 0.125000 0.166667 0.208333 0.250000 0.291667 0.333333 0.375000 0.416667 0.458333 0.500000 0.541667 0.583333 0.625000 0.666667
0.708333 0.750000 0.791667 0.833333 0.875000 0.916667 0.958333 1.000000 1.041667 1.083333 1.125000 1.166667 1.208333 1.250000</float_array>
          <technique_common>
            <accessor source="#J_Elbow_L-Matrix-animation-input-array" count="30">
              <param name="TIME" type="float"/>
            </accessor>
          </technique_common>
        </source>
        <source id="J_Elbow_L-Matrix-animation-output-transform">
          <float_array id="J_Elbow_L-Matrix-animation-output-transform-array" count="480">

0.098603 0.290327 -0.951834 1.090086 0.012612 0.956053 0.292921 -0.000000 0.995047 -0.040888 0.090608 -0.000000 0.000000 0.000000 0.000000 1.000000
0.086111 0.291157 -0.952792 1.090086 0.040337 0.954541 0.295337 -0.000000 0.995469 -0.063864 0.070452 -0.000000 0.000000 0.000000 0.000000 1.000000
0.068694 0.283368 -0.956548 1.090086 0.071883 0.954915 0.288047 0.000000 0.995045 -0.088546 0.045227 0.000000 0.000000 0.000000 0.000000 1.000000
0.041498 0.269268 -0.962171 1.090086 0.104441 0.956556 0.272201 0.000000 0.993665 -0.111786 0.011572 -0.000000 0.000000 0.000000 0.000000 1.000000
0.002080 0.251074 -0.967966 1.090086 0.132684 0.959340 0.249122 -0.000000 0.991156 -0.128952 -0.031318 -0.000000 0.000000 0.000000 0.000000 1.000000
-0.048154 0.230389 -0.971906 1.090086 0.150600 0.963586 0.220955 0.000000 0.987421 -0.135729 -0.081097 0.000000 0.000000 0.000000 0.000000 1.000000
-0.104075 0.208029 -0.972570 1.090086 0.154107 0.969443 0.190869 -0.000000 0.982558 -0.130015 -0.132953 0.000000 0.000000 0.000000 0.000000 1.000000
-0.158609 0.184589 -0.969933 1.090086 0.143061 0.976298 0.162406 -0.000000 0.976922 -0.113000 -0.181257 -0.000000 0.000000 0.000000 0.000000 1.000000
-0.205240 0.161351 -0.965320 1.090086 0.121647 0.982874 0.138422 0.000000 0.971122 -0.089018 -0.221353 -0.000000 0.000000 0.000000 0.000000 1.000000
-0.239827 0.140749 -0.960559 1.090086 0.097095 0.987951 0.120521 -0.000000 0.965948 -0.064361 -0.250603 -0.000000 0.000000 0.000000 0.000000 1.000000
-0.260841 0.126024 -0.957121 1.090086 0.077545 0.990974 0.109349 0.000000 0.962262 -0.045697 -0.268259 0.000000 0.000000 0.000000 0.000000 1.000000
-0.267994 0.120474 -0.955858 1.090086 0.069931 0.991966 0.105418 -0.000000 0.960879 -0.038593 -0.274266 0.000000 0.000000 0.000000 0.000000 1.000000
-0.262028 0.096220 -0.960252 1.090086 0.081251 0.993684 0.077398 -0.000000 0.961634 -0.057740 -0.268191 0.000000 0.000000 0.000000 0.000000 1.000000
-0.244031 0.038589 -0.968999 1.090086 0.110297 0.993829 0.011801 0.000000 0.963475 -0.103998 -0.246782 0.000000 0.000000 0.000000 0.000000 1.000000
-0.213162 -0.029928 -0.976558 1.090086 0.148429 0.986937 -0.062645 -0.000000 0.965676 -0.158303 -0.205935 -0.000000 0.000000 0.000000 0.000000 1.000000
-0.170702 -0.085806 -0.981580 1.090086 0.186224 0.975437 -0.117654 0.000000 0.967565 -0.202877 -0.150530 0.000000 0.000000 0.000000 0.000000 1.000000
-0.121981 -0.103422 -0.987129 1.090086 0.215731 0.968017 -0.128078 0.000000 0.968804 -0.228578 -0.095768 0.000000 0.000000 0.000000 0.000000 1.000000
-0.059428 -0.076229 -0.995318 1.090086 0.228501 0.969567 -0.087900 -0.000000 0.971728 -0.232655 -0.040201 0.000000 0.000000 0.000000 0.000000 1.000000
0.014455 -0.020880 -0.999677 1.090086 0.211876 0.977143 -0.017345 0.000000 0.977190 -0.211557 0.018549 -0.000000 0.000000 0.000000 0.000000 1.000000
0.075020 0.054742 -0.995678 1.090086 0.166459 0.983795 0.066631 -0.000000 0.983190 -0.170739 0.064692 0.000000 0.000000 0.000000 0.000000 1.000000
0.106943 0.138528 -0.984568 1.090086 0.108053 0.982762 0.150011 -0.000000 0.988376 -0.122428 0.090131 0.000000 0.000000 0.000000 0.000000 1.000000
0.111871 0.214999 -0.970186 1.090086 0.056466 0.973362 0.222213 -0.000000 0.992117 -0.079642 0.096751 -0.000000 0.000000 0.000000 0.000000 1.000000
0.103851 0.269613 -0.957352 1.090086 0.023710 0.961612 0.273385 -0.000000 0.994310 -0.051090 0.093472 -0.000000 0.000000 0.000000 0.000000 1.000000
0.098603 0.290327 -0.951834 1.090086 0.012612 0.956053 0.292921 -0.000000 0.995047 -0.040888 0.090608 -0.000000 0.000000 0.000000 0.000000 1.000000
0.098603 0.290327 -0.951834 1.090086 0.012612 0.956053 0.292921 -0.000000 0.995047 -0.040888 0.090608 -0.000000 0.000000 0.000000 0.000000 1.000000
0.098603 0.290327 -0.951834 1.090086 0.012612 0.956053 0.292921 -0.000000 0.995047 -0.040888 0.090608 -0.000000 0.000000 0.000000 0.000000 1.000000
0.098603 0.290327 -0.951834 1.090086 0.012612 0.956053 0.292921 -0.000000 0.995047 -0.040888 0.090608 -0.000000 0.000000 0.000000 0.000000 1.000000
0.098603 0.290327 -0.951834 1.090086 0.012612 0.956053 0.292921 -0.000000 0.995047 -0.040888 0.090608 -0.000000 0.000000 0.000000 0.000000 1.000000
0.098603 0.290327 -0.951834 1.090086 0.012612 0.956053 0.292921 -0.000000 0.995047 -0.040888 0.090608 -0.000000 0.000000 0.000000 0.000000 1.000000
0.098603 0.290327 -0.951834 1.090086 0.012612 0.956053 0.292921 -0.000000 0.995047 -0.040888 0.090608 -0.000000 0.000000 0.000000 0.000000 1.000000</float_array>
          <technique_common>
            <accessor source="#J_Elbow_L-Matrix-animation-output-transform-array" count="30" stride="16">
              <param type="float4x4"/>
            </accessor>
          </technique_common>
        </source>
        <source id="J_Elbow_L-Interpolations">
          <Name_array id="J_Elbow_L-Interpolations-array" count="30">
 LINEAR LINEAR LINEAR LINEAR LINEAR LINEAR LINEAR LINEAR LINEAR LINEAR LINEAR
LINEAR LINEAR LINEAR LINEAR LINEAR LINEAR LINEAR LINEAR LINEAR LINEAR LINEAR LINEAR
LINEAR LINEAR LINEAR LINEAR LINEAR LINEAR LINEAR</Name_array>
          <technique_common>
            <accessor source="#J_Elbow_L-Interpolations-array" count="30">
              <param type="name"/>
            </accessor>
          </technique_common>
        </source>
        <sampler id="J_Elbow_L-Matrix-animation-transform">
          <input semantic="INPUT" source="#J_Elbow_L-Matrix-animation-input"/>
          <input semantic="OUTPUT" source="#J_Elbow_L-Matrix-animation-output-transform"/>
          <input semantic="INTERPOLATION" source="#J_Elbow_L-Interpolations"/>
        </sampler>
        <channel source="#J_Elbow_L-Matrix-animation-transform" target="J_Elbow_L/matrix"/>
      </animation>
    </animation>
    <animation id="J_Hand_L-anim" name="J_Hand_L">
      <animation>
        <source id="J_Hand_L-Matrix-animation-input">
          <float_array id="J_Hand_L-Matrix-animation-input-array" count="30">

0.041667 0.083333 0.125000 0.166667 0.208333 0.250000 0.291667 0.333333 0.375000 0.416667 0.458333 0.500000 0.541667 0.583333 0.625000 0.666667
0.708333 0.750000 0.791667 0.833333 0.875000 0.916667 0.958333 1.000000 1.041667 1.083333 1.125000 1.166667 1.208333 1.250000</float_array>
          <technique_common>
            <accessor source="#J_Hand_L-Matrix-animation-input-array" count="30">
              <param name="TIME" type="float"/>
            </accessor>
          </technique_common>
        </source>
        <source id="J_Hand_L-Matrix-animation-output-transform">
          <float_array id="J_Hand_L-Matrix-animation-output-transform-array" count="480">

0.885151 0.457599 0.084329 1.208860 -0.462252 0.885508 0.046898 -0.000000 -0.053213 -0.080493 0.995334 0.000000 0.000000 0.000000 0.000000 1.000000
0.887456 0.453032 0.084758 1.208860 -0.458298 0.886896 0.058126 -0.000000 -0.048838 -0.090429 0.994705 0.000000 0.000000 0.000000 0.000000 1.000000
0.893598 0.442195 0.077116 1.208860 -0.447354 0.891442 0.072153 -0.000000 -0.036838 -0.098974 0.994408 0.000000 0.000000 0.000000 0.000000 1.000000
0.902280 0.426563 0.062721 1.208860 -0.430735 0.898201 0.087764 -0.000000 -0.018899 -0.106204 0.994165 0.000000 0.000000 0.000000 0.000000 1.000000
0.912180 0.407528 0.042992 1.208860 -0.409776 0.906276 0.103671 -0.000000 0.003286 -0.112184 0.993682 0.000000 0.000000 0.000000 0.000000 1.000000
0.922106 0.386445 0.019518 1.208860 -0.385923 0.914864 0.118692 -0.000000 0.028011 -0.116979 0.992739 0.000000 0.000000 0.000000 0.000000 1.000000
0.931116 0.364674 -0.005922 1.208860 -0.360767 0.923282 0.131896 -0.000000 0.053567 -0.120674 0.991246 0.000000 0.000000 0.000000 0.000000 1.000000
0.938592 0.343599 -0.031383 1.208860 -0.336041 0.930978 0.142680 -0.000000 0.078242 -0.123372 0.989271 0.000000 0.000000 0.000000 0.000000 1.000000
0.944249 0.324638 -0.054809 1.208860 -0.313570 0.937515 0.150795 -0.000000 0.100338 -0.125202 0.987044 0.000000 0.000000 0.000000 0.000000 1.000000
0.948091 0.309247 -0.074098 1.208860 -0.295226 0.942556 0.156301 -0.000000 0.118177 -0.126312 0.984926 0.000000 0.000000 0.000000 0.000000 1.000000
0.950292 0.298912 -0.087159 1.208860 -0.282879 0.945810 0.159444 -0.000000 0.130096 -0.126863 0.983352 0.000000 0.000000 0.000000 0.000000 1.000000
0.951021 0.295134 -0.091953 1.208860 -0.278363 0.946976 0.160470 -0.000000 0.134438 -0.127014 0.982748 0.000000 0.000000 0.000000 0.000000 1.000000
0.950408 0.298260 -0.088125 1.208860 -0.282178 0.946111 0.158899 -0.000000 0.130770 -0.126152 0.983354 0.000000 0.000000 0.000000 0.000000 1.000000
0.948566 0.306923 -0.077600 1.208860 -0.292702 0.943654 0.154408 0.000000 0.120619 -0.123752 0.984955 0.000000 0.000000 0.000000 0.000000 1.000000
0.945375 0.320061 -0.061870 1.208860 -0.308524 0.939755 0.147221 0.000000 0.105262 -0.120090 0.987167 0.000000 0.000000 0.000000 0.000000 1.000000
0.940685 0.336615 -0.042461 1.208860 -0.328208 0.934540 0.137533 0.000000 0.085977 -0.115439 0.989587 0.000000 0.000000 0.000000 0.000000 1.000000
0.934441 0.355504 -0.020888 1.208860 -0.350309 0.928169 0.125640 0.000000 0.064053 -0.110086 0.991856 0.000000 0.000000 0.000000 0.000000 1.000000
0.926772 0.375621 0.001394 1.208860 -0.373402 0.920882 0.112018 0.000000 0.040792 -0.104335 0.993705 0.000000 0.000000 0.000000 0.000000 1.000000
0.918034 0.395832 0.023036 1.208860 -0.396115 0.913024 0.097370 0.000000 0.017510 -0.098514 0.994982 0.000000 0.000000 0.000000 0.000000 1.000000
0.908823 0.414978 0.042831 1.208860 -0.417159 0.905070 0.082628 0.000000 -0.004476 -0.092961 0.995660 0.000000 0.000000 0.000000 0.000000 1.000000
0.899945 0.431893 0.059730 1.208860 -0.435351 0.897619 0.068922 -0.000000 -0.023848 -0.088030 0.995832 0.000000 0.000000 0.000000 0.000000 1.000000
0.892361 0.445407 0.072828 1.208860 -0.449608 0.891372 0.057521 -0.000000 -0.039296 -0.084074 0.995684 0.000000 0.000000 0.000000 0.000000 1.000000
0.887100 0.454360 0.081303 1.208860 -0.458913 0.887087 0.049751 -0.000000 -0.049518 -0.081445 0.995447 0.000000 0.000000 0.000000 0.000000 1.000000
0.885151 0.457599 0.084329 1.208860 -0.462252 0.885508 0.046898 -0.000000 -0.053213 -0.080493 0.995334 0.000000 0.000000 0.000000 0.000000 1.000000
0.885151 0.457599 0.084329 1.208860 -0.462252 0.885508 0.046898 -0.000000 -0.053213 -0.080493 0.995334 0.000000 0.000000 0.000000 0.000000 1.000000
0.885151 0.457599 0.084329 1.208860 -0.462252 0.885508 0.046898 -0.000000 -0.053213 -0.080493 0.995334 0.000000 0.000000 0.000000 0.000000 1.000000
0.885151 0.457599 0.084329 1.208860 -0.462252 0.885508 0.046898 -0.000000 -0.053213 -0.080493 0.995334 0.000000 0.000000 0.000000 0.000000 1.000000
0.885151 0.457599 0.084329 1.208860 -0.462252 0.885508 0.046898 -0.000000 -0.053213 -0.080493 0.995334 0.000000 0.000000 0.000000 0.000000 1.000000
0.885151 0.457599 0.084329 1.208860 -0.462252 0.885508 0.046898 -0.000000 -0.053213 -0.080493 0.995334 0.000000 0.000000 0.000000 0.000000 1.000000
0.885151 0.457599 0.084329 1.208860 -0.462252 0.885508 0.046898 -0.000000 -0.053213 -0.080493 0.995334 0.000000 0.000000 0.000000 0.000000 1.000000</float_array>
          <technique_common>
            <accessor source="#J_Hand_L-Matrix-animation-output-transform-array" count="30" stride="16">
              <param type="float4x4"/>
            </accessor>
          </technique_common>
        </source>
        <source id="J_Hand_L-Interpolations">
          <Name_array id="J_Hand_L-Interpolations-array" count="30">
 LINEAR LINEAR LINEAR LINEAR LINEAR LINEAR LINEAR LINEAR LINEAR LINEAR LINEAR
LINEAR LINEAR LINEAR LINEAR LINEAR LINEAR LINEAR LINEAR LINEAR LINEAR LINEAR LINEAR
LINEAR LINEAR LINEAR LINEAR LINEAR LINEAR LINEAR</Name_array>
          <technique_common>
            <accessor source="#J_Hand_L-Interpolations-array" count="30">
              <param type="name"/>
            </accessor>
          </technique_common>
        </source>
        <sampler id="J_Hand_L-Matrix-animation-transform">
          <input semantic="INPUT" source="#J_Hand_L-Matrix-animation-input"/>
          <input semantic="OUTPUT" source="#J_Hand_L-Matrix-animation-output-transform"/>
          <input semantic="INTERPOLATION" source="#J_Hand_L-Interpolations"/>
        </sampler>
        <channel source="#J_Hand_L-Matrix-animation-transform" target="J_Hand_L/matrix"/>
      </animation>
    </animation>
    <animation id="J_Finger_1-anim" name="J_Finger_1">
      <animation>
        <source id="J_Finger_1-Matrix-animation-input">
          <float_array id="J_Finger_1-Matrix-animation-input-array" count="30">

0.041667 0.083333 0.125000 0.166667 0.208333 0.250000 0.291667 0.333333 0.375000 0.416667 0.458333 0.500000 0.541667 0.583333 0.625000 0.666667
0.708333 0.750000 0.791667 0.833333 0.875000 0.916667 0.958333 1.000000 1.041667 1.083333 1.125000 1.166667 1.208333 1.250000</float_array>
          <technique_common>
            <accessor source="#J_Finger_1-Matrix-animation-input-array" count="30">
              <param name="TIME" type="float"/>
            </accessor>
          </technique_common>
        </source>
        <source id="J_Finger_1-Matrix-animation-output-transform">
          <float_array id="J_Finger_1-Matrix-animation-output-transform-array" count="480">

1.000000 0.000000 0.000000 1.073009 0.000000 1.000000 -0.000000 0.150295 0.000000 0.000000 1.000000 -0.336451 0.000000 0.000000 0.000000 1.000000
1.000000 -0.000000 -0.000000 1.073009 0.000000 1.000000 -0.000000 0.150295 0.000000 0.000000 1.000000 -0.336451 0.000000 0.000000 0.000000 1.000000
1.000000 -0.000000 0.000000 1.073009 0.000000 1.000000 -0.000000 0.150295 0.000000 0.000000 1.000000 -0.336451 0.000000 0.000000 0.000000 1.000000
1.000000 0.000000 -0.000000 1.073009 0.000000 1.000000 0.000000 0.150295 -0.000000 -0.000000 1.000000 -0.336451 0.000000 0.000000 0.000000 1.000000
1.000000 0.000000 -0.000000 1.073009 -0.000000 1.000000 0.000000 0.150295 -0.000000 -0.000000 1.000000 -0.336451 0.000000 0.000000 0.000000 1.000000
1.000000 0.000000 0.000000 1.073009 0.000000 1.000000 0.000000 0.150295 -0.000000 0.000000 1.000000 -0.336451 0.000000 0.000000 0.000000 1.000000
1.000000 0.000000 0.000000 1.073009 0.000000 1.000000 0.000000 0.150295 0.000000 0.000000 1.000000 -0.336451 0.000000 0.000000 0.000000 1.000000
1.000000 -0.000000 0.000000 1.073009 -0.000000 1.000000 0.000000 0.150295 -0.000000 0.000000 1.000000 -0.336451 0.000000 0.000000 0.000000 1.000000
1.000000 0.000000 -0.000000 1.073009 0.000000 1.000000 -0.000000 0.150295 0.000000 0.000000 1.000000 -0.336451 0.000000 0.000000 0.000000 1.000000
1.000000 -0.000000 0.000000 1.073009 -0.000000 1.000000 0.000000 0.150295 -0.000000 -0.000000 1.000000 -0.336451 0.000000 0.000000 0.000000 1.000000
1.000000 0.000000 -0.000000 1.073009 -0.000000 1.000000 -0.000000 0.150295 0.000000 0.000000 1.000000 -0.336451 0.000000 0.000000 0.000000 1.000000
1.000000 0.000000 -0.000000 1.073009 -0.000000 1.000000 0.000000 0.150295 -0.000000 0.000000 1.000000 -0.336451 0.000000 0.000000 0.000000 1.000000
1.000000 -0.000000 0.000000 1.073009 0.000000 1.000000 0.000000 0.150295 0.000000 -0.000000 1.000000 -0.336451 0.000000 0.000000 0.000000 1.000000
1.000000 0.000000 -0.000000 1.073009 -0.000000 1.000000 0.000000 0.150295 0.000000 0.000000 1.000000 -0.336451 0.000000 0.000000 0.000000 1.000000
1.000000 0.000000 0.000000 1.073009 -0.000000 1.000000 0.000000 0.150295 -0.000000 -0.000000 1.000000 -0.336451 0.000000 0.000000 0.000000 1.000000
1.000000 0.000000 0.000000 1.073009 0.000000 1.000000 -0.000000 0.150295 -0.000000 0.000000 1.000000 -0.336451 0.000000 0.000000 0.000000 1.000000
1.000000 0.000000 0.000000 1.073009 0.000000 1.000000 0.000000 0.150295 0.000000 0.000000 1.000000 -0.336451 0.000000 0.000000 0.000000 1.000000
1.000000 0.000000 0.000000 1.073009 0.000000 1.000000 0.000000 0.150295 0.000000 0.000000 1.000000 -0.336451 0.000000 0.000000 0.000000 1.000000
1.000000 0.000000 -0.000000 1.073009 -0.000000 1.000000 0.000000 0.150295 0.000000 0.000000 1.000000 -0.336451 0.000000 0.000000 0.000000 1.000000
1.000000 -0.000000 0.000000 1.073009 0.000000 1.000000 0.000000 0.150295 0.000000 0.000000 1.000000 -0.336451 0.000000 0.000000 0.000000 1.000000
1.000000 0.000000 0.000000 1.073009 0.000000 1.000000 -0.000000 0.150295 0.000000 -0.000000 1.000000 -0.336451 0.000000 0.000000 0.000000 1.000000
1.000000 -0.000000 -0.000000 1.073009 -0.000000 1.000000 0.000000 0.150295 0.000000 0.000000 1.000000 -0.336451 0.000000 0.000000 0.000000 1.000000
1.000000 -0.000000 0.000000 1.073009 0.000000 1.000000 0.000000 0.150295 -0.000000 0.000000 1.000000 -0.336451 0.000000 0.000000 0.000000 1.000000
1.000000 0.000000 0.000000 1.073009 0.000000 1.000000 -0.000000 0.150295 0.000000 0.000000 1.000000 -0.336451 0.000000 0.000000 0.000000 1.000000
1.000000 0.000000 0.000000 1.073009 0.000000 1.000000 -0.000000 0.150295 0.000000 0.000000 1.000000 -0.336451 0.000000 0.000000 0.000000 1.000000
1.000000 0.000000 0.000000 1.073009 0.000000 1.000000 -0.000000 0.150295 0.000000 0.000000 1.000000 -0.336451 0.000000 0.000000 0.000000 1.000000
1.000000 0.000000 0.000000 1.073009 0.000000 1.000000 -0.000000 0.150295 0.000000 0.000000 1.000000 -0.336451 0.000000 0.000000 0.000000 1.000000
1.000000 0.000000 0.000000 1.073009 0.000000 1.000000 -0.000000 0.150295 0.000000 0.000000 1.000000 -0.336451 0.000000 0.000000 0.000000 1.000000
1.000000 0.000000 0.000000 1.073009 0.000000 1.000000 -0.000000 0.150295 0.000000 0.000000 1.000000 -0.336451 0.000000 0.000000 0.000000 1.000000
1.000000 0.000000 0.000000 1.073009 0.000000 1.000000 -0.000000 0.150295 0.000000 0.000000 1.000000 -0.336451 0.000000 0.000000 0.000000 1.000000</float_array>
          <technique_common>
            <accessor source="#J_Finger_1-Matrix-animation-output-transform-array" count="30" stride="16">
              <param type="float4x4"/>
            </accessor>
          </technique_common>
        </source>
        <source id="J_Finger_1-Interpolations">
          <Name_array id="J_Finger_1-Interpolations-array" count="30">
 LINEAR LINEAR LINEAR LINEAR LINEAR LINEAR LINEAR LINEAR LINEAR LINEAR LINEAR
LINEAR LINEAR LINEAR LINEAR LINEAR LINEAR LINEAR LINEAR LINEAR LINEAR LINEAR LINEAR
LINEAR LINEAR LINEAR LINEAR LINEAR LINEAR LINEAR</Name_array>
          <technique_common>
            <accessor source="#J_Finger_1-Interpolations-array" count="30">
              <param type="name"/>
            </accessor>
          </technique_common>
        </source>
        <sampler id="J_Finger_1-Matrix-animation-transform">
          <input semantic="INPUT" source="#J_Finger_1-Matrix-animation-input"/>
          <input semantic="OUTPUT" source="#J_Finger_1-Matrix-animation-output-transform"/>
          <input semantic="INTERPOLATION" source="#J_Finger_1-Interpolations"/>
        </sampler>
        <channel source="#J_Finger_1-Matrix-animation-transform" target="J_Finger_1/matrix"/>
      </animation>
    </animation>
