<?xml version="1.0" encoding="utf-8"?>
<COLLADA xmlns="http://www.collada.org/2005/11/COLLADASchema" version="1.4.1">
  <asset>
    <contributor>
      <author/>
      <authoring_tool>FBX COLLADA exporter</authoring_tool>
      <comments/>
    </contributor>
    <created>2019-11-16T19:12:20Z</created>
    <keywords/>
    <modified>2019-11-16T19:12:20Z</modified>
    <revision/>
    <subject/>
    <title/>
    <unit meter="0.010000" name="centimeter"/>
    <up_axis>Y_UP</up_axis>
  </asset>
  <library_animations>
    <animation id="joint1-anim" name="joint1">
      <animation>
        <source id="joint1-Matrix-animation-input">
          <float_array id="joint1-Matrix-animation-input-array" count="23">

0.041667 0.083333 0.125000 0.166667 0.208333 0.250000 0.291667 0.333333 0.375000 0.416667 0.458333 0.500000 0.541667 0.583333 0.625000 0.666667
0.708333 0.750000 0.791667 0.833333 0.875000 0.916667 0.958333</float_array>
          <technique_common>
            <accessor source="#joint1-Matrix-animation-input-array" count="23">
              <param name="TIME" type="float"/>
            </accessor>
          </technique_common>
        </source>
        <source id="joint1-Matrix-animation-output-transform">
          <float_array id="joint1-Matrix-animation-output-transform-array" count="368">

-0.283346 0.959018 0.000000 -0.179665 0.949082 0.280411 -0.143575 0.371965 -0.137691 -0.040681 -0.989639 0.000000 0.000000 0.000000 0.000000 1.000000
-0.283346 0.959018 0.000000 -0.179665 0.952440 0.281403 -0.116925 0.371965 -0.112133 -0.033130 -0.993141 0.000000 0.000000 0.000000 0.000000 1.000000
-0.283346 0.959018 -0.000000 -0.179665 0.957666 0.282947 -0.053070 0.371965 -0.050895 -0.015037 -0.998591 0.000000 0.000000 0.000000 0.000000 1.000000
-0.283346 0.959018 0.000000 -0.179665 0.958755 0.283269 0.023408 0.371965 0.022448 0.006632 -0.999726 0.000000 0.000000 0.000000 0.000000 1.000000
-0.283346 0.959018 0.000000 -0.179665 0.955348 0.282262 0.087396 0.371965 0.083815 0.024763 -0.996174 0.000000 0.000000 0.000000 0.000000 1.000000
-0.283346 0.959018 0.000000 -0.179665 0.952750 0.281495 0.114138 0.371965 0.109461 0.032341 -0.993465 0.000000 0.000000 0.000000 0.000000 1.000000
-0.283346 0.959018 -0.000000 -0.179665 0.955002 0.282160 0.091417 0.371965 0.087671 0.025903 -0.995813 0.000000 0.000000 0.000000 0.000000 1.000000
-0.283346 0.959018 0.000000 -0.179665 0.958449 0.283178 0.034432 0.371965 0.033021 0.009756 -0.999407 0.000000 0.000000 0.000000 0.000000 1.000000
-0.283346 0.959018 -0.000000 -0.179665 0.958258 0.283122 -0.039788 0.371965 -0.038157 -0.011274 -0.999208 0.000000 0.000000 0.000000 0.000000 1.000000
-0.283346 0.959018 -0.000000 -0.179665 0.952789 0.281506 -0.113789 0.371965 -0.109126 -0.032242 -0.993505 0.000000 0.000000 0.000000 0.000000 1.000000
-0.283346 0.959018 0.000000 -0.179665 0.945007 0.279207 -0.170308 0.371965 -0.163328 -0.048256 -0.985391 0.000000 0.000000 0.000000 0.000000 1.000000
-0.283346 0.959018 0.000000 -0.179665 0.941030 0.278032 -0.192771 0.371965 -0.184870 -0.054621 -0.981244 0.000000 0.000000 0.000000 0.000000 1.000000
-0.283346 0.959018 0.000000 -0.179665 0.945945 0.279484 -0.164552 0.371965 -0.157808 -0.046625 -0.986368 0.000000 0.000000 0.000000 0.000000 1.000000
-0.283346 0.959018 0.000000 -0.179665 0.954820 0.282106 -0.093465 0.371965 -0.089635 -0.026483 -0.995623 0.000000 0.000000 0.000000 0.000000 1.000000
-0.283346 0.959018 0.000000 -0.179665 0.959018 0.283346 -0.000389 0.371965 -0.000373 -0.000110 -1.000000 0.000000 0.000000 0.000000 0.000000 1.000000
-0.283346 0.959018 -0.000000 -0.179665 0.954889 0.282126 0.092690 0.371965 0.088892 0.026263 -0.995695 0.000000 0.000000 0.000000 0.000000 1.000000
-0.283346 0.959018 0.000000 -0.179665 0.946067 0.279520 0.163784 0.371965 0.157072 0.046408 -0.986496 0.000000 0.000000 0.000000 0.000000 1.000000
-0.283346 0.959018 0.000000 -0.179665 0.941174 0.278074 0.192007 0.371965 0.184138 0.054405 -0.981394 0.000000 0.000000 0.000000 0.000000 1.000000
-0.283346 0.959018 -0.000000 -0.179665 0.945480 0.279346 0.167430 0.371965 0.160569 0.047441 -0.985884 0.000000 0.000000 0.000000 0.000000 1.000000
-0.283346 0.959018 -0.000000 -0.179665 0.953659 0.281763 0.105567 0.371965 0.101240 0.029912 -0.994412 0.000000 0.000000 0.000000 0.000000 1.000000
-0.283346 0.959018 0.000000 -0.179665 0.958728 0.283260 0.024564 0.371965 0.023558 0.006960 -0.999698 0.000000 0.000000 0.000000 0.000000 1.000000
-0.283346 0.959018 -0.000000 -0.179665 0.957480 0.282892 -0.056600 0.371965 -0.054280 -0.016037 -0.998397 0.000000 0.000000 0.000000 0.000000 1.000000
-0.283346 0.959018 0.000000 -0.179665 0.952225 0.281339 -0.118808 0.371965 -0.113939 -0.033664 -0.992917 0.000000 0.000000 0.000000 0.000000 1.000000</float_array>
          <technique_common>
            <accessor source="#joint1-Matrix-animation-output-transform-array" count="23" stride="16">
              <param type="float4x4"/>
            </accessor>
          </technique_common>
        </source>
        <source id="joint1-Interpolations">
          <Name_array id="joint1-Interpolations-array" count="23">
 LINEAR LINEAR LINEAR LINEAR LINEAR LINEAR LINEAR LINEAR LINEAR LINEAR LINEAR
LINEAR LINEAR LINEAR LINEAR LINEAR LINEAR LINEAR LINEAR LINEAR LINEAR LINEAR LINEAR</Name_array>
          <technique_common>
            <accessor source="#joint1-Interpolations-array" count="23">
              <param type="name"/>
            </accessor>
          </technique_common>
        </source>
        <sampler id="joint1-Matrix-animation-transform">
          <input semantic="INPUT" source="#joint1-Matrix-animation-input"/>
          <input semantic="OUTPUT" source="#joint1-Matrix-animation-output-transform"/>
          <input semantic="INTERPOLATION" source="#joint1-Interpolations"/>
        </sampler>
        <channel source="#joint1-Matrix-animation-transform" target="joint1/matrix"/>
      </animation>
    </animation>
    <animation id="joint2-anim" name="joint2">
      <animation>
        <source id="joint2-Matrix-animation-input">
          <float_array id="joint2-Matrix-animation-input-array" count="23">

0.041667 0.083333 0.125000 0.166667 0.208333 0.250000 0.291667 0.333333 0.375000 0.416667 0.458333 0.500000 0.541667 0.583333 0.625000 0.666667
0.708333 0.750000 0.791667 0.833333 0.875000 0.916667 0.958333</float_array>
          <technique_common>
            <accessor source="#joint2-Matrix-animation-input-array" count="23">
              <param name="TIME" type="float"/>
            </accessor>
          </technique_common>
        </source>
        <source id="joint2-Matrix-animation-output-transform">
          <float_array id="joint2-Matrix-animation-output-transform-array" count="368">

0.974579 -0.214455 0.064844 0.680973 0.213652 0.976722 0.019158 0.000000 -0.067443 -0.004817 0.997711 0.000000 0.000000 0.000000 0.000000 1.000000
0.975400 -0.214397 0.051275 0.680973 0.213895 0.976739 0.015149 0.000000 -0.053331 -0.003809 0.998570 0.000000 0.000000 0.000000 0.000000 1.000000
0.976583 -0.214312 0.018882 0.680973 0.214244 0.976764 0.005579 0.000000 -0.019639 -0.001403 0.999806 0.000000 0.000000 0.000000 0.000000 1.000000
0.976564 -0.214313 -0.019806 0.680973 0.214239 0.976764 -0.005852 0.000000 0.020600 0.001471 0.999787 -0.000000 0.000000 0.000000 0.000000 1.000000
0.975350 -0.214400 -0.052198 0.680973 0.213880 0.976738 -0.015422 0.000000 0.054290 0.003878 0.998518 -0.000000 0.000000 0.000000 0.000000 1.000000
0.974516 -0.214460 -0.065766 0.680973 0.213633 0.976721 -0.019431 0.000000 0.068402 0.004886 0.997646 -0.000000 0.000000 0.000000 0.000000 1.000000
0.975899 -0.214361 -0.040879 0.680973 0.214042 0.976750 -0.012078 0.000000 0.042518 0.003037 0.999091 -0.000000 0.000000 0.000000 0.000000 1.000000
0.976529 -0.214316 0.021421 0.680973 0.214228 0.976763 0.006329 0.000000 -0.022280 -0.001591 0.999751 -0.000000 0.000000 0.000000 0.000000 1.000000
0.971317 -0.214688 0.102238 0.680973 0.212688 0.976653 0.030207 0.000000 -0.106336 -0.007595 0.994301 0.000000 0.000000 0.000000 0.000000 1.000000
0.959321 -0.215545 0.182326 0.680973 0.209144 0.976400 0.053869 0.000000 -0.189634 -0.013545 0.981761 0.000000 0.000000 0.000000 0.000000 1.000000
0.945531 -0.216530 0.243076 0.680973 0.205070 0.976109 0.071818 0.000000 -0.252820 -0.018058 0.967345 0.000000 0.000000 0.000000 0.000000 1.000000
0.938917 -0.217003 0.267103 0.680973 0.203116 0.975969 0.078917 0.000000 -0.277810 -0.019844 0.960431 0.000000 0.000000 0.000000 0.000000 1.000000
0.947010 -0.216425 0.237343 0.680973 0.205507 0.976140 0.070124 0.000000 -0.246857 -0.017633 0.968891 0.000000 0.000000 0.000000 0.000000 1.000000
0.963032 -0.215280 0.161938 0.680973 0.210240 0.976478 0.047845 0.000000 -0.168429 -0.012031 0.985640 0.000000 0.000000 0.000000 0.000000 1.000000
0.974740 -0.214444 0.062420 0.680973 0.213700 0.976725 0.018442 0.000000 -0.064922 -0.004637 0.997880 0.000000 0.000000 0.000000 0.000000 1.000000
0.976026 -0.214352 -0.037780 0.680973 0.214080 0.976752 -0.011162 0.000000 0.039294 0.002807 0.999224 -0.000000 0.000000 0.000000 0.000000 1.000000
0.969910 -0.214789 -0.114633 0.680973 0.212273 0.976623 -0.033869 0.000000 0.119228 0.008516 0.992830 -0.000000 0.000000 0.000000 0.000000 1.000000
0.965741 -0.215087 -0.145195 0.680973 0.211041 0.976535 -0.042898 0.000000 0.151015 0.010787 0.988473 -0.000000 0.000000 0.000000 0.000000 1.000000
0.967972 -0.214927 -0.129752 0.680973 0.211700 0.976582 -0.038336 0.000000 0.134953 0.009639 0.990805 -0.000000 0.000000 0.000000 0.000000 1.000000
0.972451 -0.214607 -0.091005 0.680973 0.213023 0.976677 -0.026888 0.000000 0.094653 0.006761 0.995487 -0.000000 0.000000 0.000000 0.000000 1.000000
0.975918 -0.214360 -0.040419 0.680973 0.214048 0.976750 -0.011942 0.000000 0.042039 0.003003 0.999111 -0.000000 0.000000 0.000000 0.000000 1.000000
0.976713 -0.214303 0.010281 0.680973 0.214283 0.976767 0.003037 0.000000 -0.010693 -0.000764 0.999943 0.000000 0.000000 0.000000 0.000000 1.000000
0.975505 -0.214389 0.049268 0.680973 0.213926 0.976741 0.014557 0.000000 -0.051243 -0.003660 0.998680 0.000000 0.000000 0.000000 0.000000 1.000000</float_array>
          <technique_common>
            <accessor source="#joint2-Matrix-animation-output-transform-array" count="23" stride="16">
              <param type="float4x4"/>
            </accessor>
          </technique_common>
        </source>
        <source id="joint2-Interpolations">
          <Name_array id="joint2-Interpolations-array" count="23">
 LINEAR LINEAR LINEAR LINEAR LINEAR LINEAR LINEAR LINEAR LINEAR LINEAR LINEAR
LINEAR LINEAR LINEAR LINEAR LINEAR LINEAR LINEAR LINEAR LINEAR LINEAR LINEAR LINEAR</Name_array>
          <technique_common>
            <accessor source="#joint2-Interpolations-array" count="23">
              <param type="name"/>
            </accessor>
          </technique_common>
        </source>
        <sampler id="joint2-Matrix-animation-transform">
          <input semantic="INPUT" source="#joint2-Matrix-animation-input"/>
          <input semantic="OUTPUT" source="#joint2-Matrix-animation-output-transform"/>
          <input semantic="INTERPOLATION" source="#joint2-Interpolations"/>
        </sampler>
        <channel source="#joint2-Matrix-animation-transform" target="joint2/matrix"/>
      </animation>
    </animation>
    <animation id="joint3-anim" name="joint3">
      <animation>
        <source id="joint3-Matrix-animation-input">
          <float_array id="joint3-Matrix-animation-input-array" count="23">

0.041667 0.083333 0.125000 0.166667 0.208333 0.250000 0.291667 0.333333 0.375000 0.416667 0.458333 0.500000 0.541667 0.583333 0.625000 0.666667
0.708333 0.750000 0.791667 0.833333 0.875000 0.916667 0.958333</float_array>
          <technique_common>
            <accessor source="#joint3-Matrix-animation-input-array" count="23">
              <param name="TIME" type="float"/>
            </accessor>
          </technique_common>
        </source>
        <source id="joint3-Matrix-animation-output-transform">
          <float_array id="joint3-Matrix-animation-output-transform-array" count="368">

0.988295 0.097279 -0.117511 0.624968 0.096966 -0.995252 -0.008394 -0.000000 -0.117769 -0.003099 -0.993036 0.000000 0.000000 0.000000 0.000000 1.000000
0.990602 0.097340 -0.096085 0.624968 0.097131 -0.995248 -0.006863 -0.000000 -0.096296 -0.002534 -0.995349 0.000000 0.000000 0.000000 0.000000 1.000000
0.994232 0.097436 -0.044831 0.624968 0.097390 -0.995241 -0.003202 -0.000000 -0.044929 -0.001182 -0.998989 0.000000 0.000000 0.000000 0.000000 1.000000
0.995103 0.097459 0.016488 0.624968 0.097452 -0.995239 0.001178 -0.000000 0.016524 0.000435 -0.999863 -0.000000 0.000000 0.000000 0.000000 1.000000
0.992931 0.097401 0.067825 0.624968 0.097297 -0.995244 0.004845 -0.000000 0.067974 0.001789 -0.997685 -0.000000 0.000000 0.000000 0.000000 1.000000
0.991235 0.097357 0.089307 0.624968 0.097176 -0.995247 0.006379 -0.000000 0.089504 0.002355 -0.995984 -0.000000 0.000000 0.000000 0.000000 1.000000
0.991769 0.097371 0.083140 0.624968 0.097214 -0.995246 0.005939 -0.000000 0.083323 0.002193 -0.996520 -0.000000 0.000000 0.000000 0.000000 1.000000
0.992939 0.097402 0.067709 0.624968 0.097298 -0.995244 0.004836 -0.000000 0.067858 0.001786 -0.997693 0.000000 0.000000 0.000000 0.000000 1.000000
0.994102 0.097432 0.047624 0.624968 0.097381 -0.995241 0.003402 -0.000000 0.047729 0.001256 -0.998860 0.000000 0.000000 0.000000 0.000000 1.000000
0.994860 0.097452 0.027520 0.624968 0.097435 -0.995240 0.001966 -0.000000 0.027580 0.000726 -0.999619 0.000000 0.000000 0.000000 0.000000 1.000000
0.995166 0.097460 0.012047 0.624968 0.097457 -0.995239 0.000861 -0.000000 0.012074 0.000318 -0.999927 0.000000 0.000000 0.000000 0.000000 1.000000
0.995222 0.097462 0.005857 0.624968 0.097461 -0.995239 0.000418 -0.000000 0.005870 0.000154 -0.999983 0.000000 0.000000 0.000000 0.000000 1.000000
0.995190 0.097461 0.009927 0.624968 0.097459 -0.995239 0.000709 -0.000000 0.009949 0.000262 -0.999950 0.000000 0.000000 0.000000 0.000000 1.000000
0.995037 0.097457 0.020103 0.624968 0.097448 -0.995240 0.001436 -0.000000 0.020147 0.000530 -0.999797 0.000000 0.000000 0.000000 0.000000 1.000000
0.994682 0.097448 0.033327 0.624968 0.097422 -0.995240 0.002381 -0.000000 0.033401 0.000879 -0.999442 0.000000 0.000000 0.000000 0.000000 1.000000
0.994153 0.097434 0.046546 0.624968 0.097385 -0.995241 0.003325 -0.000000 0.046648 0.001228 -0.998911 -0.000000 0.000000 0.000000 0.000000 1.000000
0.993626 0.097420 0.056709 0.624968 0.097347 -0.995242 0.004051 -0.000000 0.056833 0.001496 -0.998383 -0.000000 0.000000 0.000000 0.000000 1.000000
0.993387 0.097413 0.060772 0.624968 0.097330 -0.995243 0.004341 -0.000000 0.060906 0.001603 -0.998142 -0.000000 0.000000 0.000000 0.000000 1.000000
0.994105 0.097432 0.047563 0.624968 0.097381 -0.995241 0.003397 -0.000000 0.047667 0.001255 -0.998862 -0.000000 0.000000 0.000000 0.000000 1.000000
0.995134 0.097459 0.014507 0.624968 0.097455 -0.995239 0.001036 -0.000000 0.014539 0.000383 -0.999894 -0.000000 0.000000 0.000000 0.000000 1.000000
0.994833 0.097452 -0.028483 0.624968 0.097433 -0.995240 -0.002034 -0.000000 -0.028546 -0.000751 -0.999592 -0.000000 0.000000 0.000000 0.000000 1.000000
0.992680 0.097395 -0.071421 0.624968 0.097279 -0.995244 -0.005102 -0.000000 -0.071578 -0.001884 -0.997433 0.000000 0.000000 0.000000 0.000000 1.000000
0.989766 0.097318 -0.104363 0.624968 0.097071 -0.995250 -0.007455 -0.000000 -0.104593 -0.002752 -0.994511 0.000000 0.000000 0.000000 0.000000 1.000000</float_array>
          <technique_common>
            <accessor source="#joint3-Matrix-animation-output-transform-array" count="23" stride="16">
              <param type="float4x4"/>
            </accessor>
          </technique_common>
        </source>
        <source id="joint3-Interpolations">
          <Name_array id="joint3-Interpolations-array" count="23">
 LINEAR LINEAR LINEAR LINEAR LINEAR LINEAR LINEAR LINEAR LINEAR LINEAR LINEAR
LINEAR LINEAR LINEAR LINEAR LINEAR LINEAR LINEAR LINEAR LINEAR LINEAR LINEAR LINEAR</Name_array>
          <technique_common>
            <accessor source="#joint3-Interpolations-array" count="23">
              <param type="name"/>
            </accessor>
          </technique_common>
        </source>
        <sampler id="joint3-Matrix-animation-transform">
          <input semantic="INPUT" source="#joint3-Matrix-animation-input"/>
          <input semantic="OUTPUT" source="#joint3-Matrix-animation-output-transform"/>
          <input semantic="INTERPOLATION" source="#joint3-Interpolations"/>
        </sampler>
        <channel source="#joint3-Matrix-animation-transform" target="joint3/matrix"/>
      </animation>
    </animation>
    <animation id="joint4-anim" name="joint4">
      <animation>
        <source id="joint4-Matrix-animation-input">
          <float_array id="joint4-Matrix-animation-input-array" count="23">

0.041667 0.083333 0.125000 0.166667 0.208333 0.250000 0.291667 0.333333 0.375000 0.416667 0.458333 0.500000 0.541667 0.583333 0.625000 0.666667
0.708333 0.750000 0.791667 0.833333 0.875000 0.916667 0.958333</float_array>
          <technique_common>
            <accessor source="#joint4-Matrix-animation-input-array" count="23">
              <param name="TIME" type="float"/>
            </accessor>
          </technique_common>
        </source>
        <source id="joint4-Matrix-animation-output-transform">
          <float_array id="joint4-Matrix-animation-output-transform-array" count="368">

-0.026185 0.998043 -0.056784 0.564206 -0.999653 -0.026313 -0.001494 0.000000 -0.002986 0.056725 0.998385 0.000000 0.000000 0.000000 0.000000 1.000000
-0.026198 0.998280 -0.052441 0.564206 -0.999653 -0.026307 -0.001380 0.000000 -0.002757 0.052386 0.998623 0.000000 0.000000 0.000000 0.000000 1.000000
-0.026225 0.998795 -0.041481 0.564206 -0.999654 -0.026293 -0.001092 0.000000 -0.002181 0.041438 0.999139 0.000000 0.000000 0.000000 0.000000 1.000000
-0.026251 0.999290 -0.027012 0.564206 -0.999654 -0.026280 -0.000711 0.000000 -0.001420 0.026984 0.999635 -0.000000 0.000000 0.000000 0.000000 1.000000
-0.026266 0.999581 -0.012145 0.564206 -0.999655 -0.026272 -0.000320 0.000000 -0.000639 0.012132 0.999926 -0.000000 0.000000 0.000000 0.000000 1.000000
-0.026270 0.999655 0.000000 0.564206 -0.999655 -0.026270 0.000000 0.000000 0.000000 0.000000 1.000000 -0.000000 0.000000 0.000000 0.000000 1.000000
-0.025737 0.999614 0.010475 0.564206 -0.999668 -0.025751 0.001175 0.000000 0.001445 -0.010441 0.999944 -0.000000 0.000000 0.000000 0.000000 1.000000
-0.024402 0.999468 0.021632 0.564206 -0.999693 -0.024488 0.003739 0.000000 0.004266 -0.021535 0.999759 -0.000000 0.000000 0.000000 0.000000 1.000000
-0.022663 0.999221 0.032309 0.564206 -0.999713 -0.022901 0.006999 0.000000 0.007734 -0.032141 0.999453 -0.000000 0.000000 0.000000 0.000000 1.000000
-0.020922 0.998926 0.041348 0.564206 -0.999719 -0.021363 0.010243 0.000000 0.011115 -0.041122 0.999092 -0.000000 0.000000 0.000000 0.000000 1.000000
-0.019582 0.998674 0.047605 0.564206 -0.999715 -0.020210 0.012735 0.000000 0.013681 -0.047342 0.998785 -0.000000 0.000000 0.000000 0.000000 1.000000
-0.019046 0.998570 0.049944 0.564206 -0.999711 -0.019755 0.013731 0.000000 0.014698 -0.049668 0.998658 -0.000000 0.000000 0.000000 0.000000 1.000000
-0.019239 0.998773 0.045628 0.564206 -0.999715 -0.019864 0.013273 0.000000 0.014164 -0.045360 0.998870 -0.000000 0.000000 0.000000 0.000000 1.000000
-0.019743 0.999211 0.034464 0.564206 -0.999724 -0.020170 0.012080 0.000000 0.012766 -0.034216 0.999333 -0.000000 0.000000 0.000000 0.000000 1.000000
-0.020444 0.999608 0.019128 0.564206 -0.999733 -0.020646 0.010423 0.000000 0.010813 -0.018910 0.999763 -0.000000 0.000000 0.000000 0.000000 1.000000
-0.021232 0.999772 0.002303 0.564206 -0.999737 -0.021251 0.008568 0.000000 0.008615 -0.002121 0.999961 -0.000000 0.000000 0.000000 0.000000 1.000000
-0.022007 0.999669 -0.013322 0.564206 -0.999737 -0.021918 0.006774 0.000000 0.006480 0.013468 0.999888 -0.000000 0.000000 0.000000 0.000000 1.000000
-0.022674 0.999429 -0.025058 0.564206 -0.999732 -0.022548 0.005285 0.000000 0.004717 0.025171 0.999672 -0.000000 0.000000 0.000000 0.000000 1.000000
-0.023340 0.999163 -0.033585 0.564206 -0.999723 -0.023222 0.003906 0.000000 0.003123 0.033667 0.999428 -0.000000 0.000000 0.000000 0.000000 1.000000
-0.024104 0.998861 -0.041189 0.564206 -0.999708 -0.024026 0.002403 0.000000 0.001410 0.041235 0.999148 -0.000000 0.000000 0.000000 0.000000 1.000000
-0.024868 0.998557 -0.047591 0.564206 -0.999691 -0.024852 0.000945 0.000000 -0.000239 0.047600 0.998866 0.000000 0.000000 0.000000 0.000000 1.000000
-0.025535 0.998294 -0.052511 0.564206 -0.999673 -0.025586 -0.000300 0.000000 -0.001644 0.052486 0.998620 0.000000 0.000000 0.000000 0.000000 1.000000
-0.026006 0.998111 -0.055669 0.564206 -0.999658 -0.026112 -0.001168 0.000000 -0.002620 0.055619 0.998449 0.000000 0.000000 0.000000 0.000000 1.000000</float_array>
          <technique_common>
            <accessor source="#joint4-Matrix-animation-output-transform-array" count="23" stride="16">
              <param type="float4x4"/>
            </accessor>
          </technique_common>
        </source>
        <source id="joint4-Interpolations">
          <Name_array id="joint4-Interpolations-array" count="23">
 LINEAR LINEAR LINEAR LINEAR LINEAR LINEAR LINEAR LINEAR LINEAR LINEAR LINEAR
LINEAR LINEAR LINEAR LINEAR LINEAR LINEAR LINEAR LINEAR LINEAR LINEAR LINEAR LINEAR</Name_array>
          <technique_common>
            <accessor source="#joint4-Interpolations-array" count="23">
              <param type="name"/>
            </accessor>
          </technique_common>
        </source>
        <sampler id="joint4-Matrix-animation-transform">
          <input semantic="INPUT" source="#joint4-Matrix-animation-input"/>
          <input semantic="OUTPUT" source="#joint4-Matrix-animation-output-transform"/>
          <input semantic="INTERPOLATION" source="#joint4-Interpolations"/>
        </sampler>
        <channel source="#joint4-Matrix-animation-transform" target="joint4/matrix"/>
      </animation>
    </animation>
    <animation id="joint6-anim" name="joint6">
      <animation>
        <source id="joint6-Matrix-animation-input">
          <float_array id="joint6-Matrix-animation-input-array" count="23">

0.041667 0.083333 0.125000 0.166667 0.208333 0.250000 0.291667 0.333333 0.375000 0.416667 0.458333 0.500000 0.541667 0.583333 0.625000 0.666667
0.708333 0.750000 0.791667 0.833333 0.875000 0.916667 0.958333</float_array>
          <technique_common>
            <accessor source="#joint6-Matrix-animation-input-array" count="23">
              <param name="TIME" type="float"/>
            </accessor>
          </technique_common>
        </source>
        <source id="joint6-Matrix-animation-output-transform">
          <float_array id="joint6-Matrix-animation-output-transform-array" count="368">

-0.914389 -0.261254 0.309256 -0.357773 -0.274721 0.961524 -0.000000 -0.073307 -0.297357 -0.084959 -0.950979 0.000000 0.000000 0.000000 0.000000 1.000000
-0.914389 -0.261254 0.309256 -0.357773 -0.274721 0.961524 -0.000000 -0.073307 -0.297357 -0.084959 -0.950979 0.000000 0.000000 0.000000 0.000000 1.000000
-0.914389 -0.261254 0.309256 -0.357773 -0.274721 0.961524 -0.000000 -0.073307 -0.297357 -0.084959 -0.950979 0.000000 0.000000 0.000000 0.000000 1.000000
-0.914389 -0.261254 0.309256 -0.357773 -0.274721 0.961524 -0.000000 -0.073307 -0.297357 -0.084959 -0.950979 0.000000 0.000000 0.000000 0.000000 1.000000
-0.914389 -0.261254 0.309256 -0.357773 -0.274721 0.961524 -0.000000 -0.073307 -0.297357 -0.084959 -0.950979 0.000000 0.000000 0.000000 0.000000 1.000000
-0.914389 -0.261254 0.309256 -0.357773 -0.274721 0.961524 -0.000000 -0.073307 -0.297357 -0.084959 -0.950979 0.000000 0.000000 0.000000 0.000000 1.000000
-0.914389 -0.261254 0.309256 -0.357773 -0.274721 0.961524 -0.000000 -0.073307 -0.297357 -0.084959 -0.950979 0.000000 0.000000 0.000000 0.000000 1.000000
-0.914389 -0.261254 0.309256 -0.357773 -0.274721 0.961524 -0.000000 -0.073307 -0.297357 -0.084959 -0.950979 0.000000 0.000000 0.000000 0.000000 1.000000
-0.914389 -0.261254 0.309256 -0.357773 -0.274721 0.961524 -0.000000 -0.073307 -0.297357 -0.084959 -0.950979 0.000000 0.000000 0.000000 0.000000 1.000000
-0.914389 -0.261254 0.309256 -0.357773 -0.274721 0.961524 -0.000000 -0.073307 -0.297357 -0.084959 -0.950979 0.000000 0.000000 0.000000 0.000000 1.000000
-0.914389 -0.261254 0.309256 -0.357773 -0.274721 0.961524 -0.000000 -0.073307 -0.297357 -0.084959 -0.950979 0.000000 0.000000 0.000000 0.000000 1.000000
-0.914389 -0.261254 0.309256 -0.357773 -0.274721 0.961524 -0.000000 -0.073307 -0.297357 -0.084959 -0.950979 0.000000 0.000000 0.000000 0.000000 1.000000
-0.914389 -0.261254 0.309256 -0.357773 -0.274721 0.961524 -0.000000 -0.073307 -0.297357 -0.084959 -0.950979 0.000000 0.000000 0.000000 0.000000 1.000000
-0.914389 -0.261254 0.309256 -0.357773 -0.274721 0.961524 -0.000000 -0.073307 -0.297357 -0.084959 -0.950979 0.000000 0.000000 0.000000 0.000000 1.000000
-0.914389 -0.261254 0.309256 -0.357773 -0.274721 0.961524 -0.000000 -0.073307 -0.297357 -0.084959 -0.950979 0.000000 0.000000 0.000000 0.000000 1.000000
-0.914389 -0.261254 0.309256 -0.357773 -0.274721 0.961524 -0.000000 -0.073307 -0.297357 -0.084959 -0.950979 0.000000 0.000000 0.000000 0.000000 1.000000
-0.914389 -0.261254 0.309256 -0.357773 -0.274721 0.961524 -0.000000 -0.073307 -0.297357 -0.084959 -0.950979 0.000000 0.000000 0.000000 0.000000 1.000000
-0.914389 -0.261254 0.309256 -0.357773 -0.274721 0.961524 -0.000000 -0.073307 -0.297357 -0.084959 -0.950979 0.000000 0.000000 0.000000 0.000000 1.000000
-0.914389 -0.261254 0.309256 -0.357773 -0.274721 0.961524 -0.000000 -0.073307 -0.297357 -0.084959 -0.950979 0.000000 0.000000 0.000000 0.000000 1.000000
-0.914389 -0.261254 0.309256 -0.357773 -0.274721 0.961524 -0.000000 -0.073307 -0.297357 -0.084959 -0.950979 0.000000 0.000000 0.000000 0.000000 1.000000
-0.914389 -0.261254 0.309256 -0.357773 -0.274721 0.961524 -0.000000 -0.073307 -0.297357 -0.084959 -0.950979 0.000000 0.000000 0.000000 0.000000 1.000000
-0.914389 -0.261254 0.309256 -0.357773 -0.274721 0.961524 -0.000000 -0.073307 -0.297357 -0.084959 -0.950979 0.000000 0.000000 0.000000 0.000000 1.000000
-0.914389 -0.261254 0.309256 -0.357773 -0.274721 0.961524 -0.000000 -0.073307 -0.297357 -0.084959 -0.950979 0.000000 0.000000 0.000000 0.000000 1.000000</float_array>
          <technique_common>
            <accessor source="#joint6-Matrix-animation-output-transform-array" count="23" stride="16">
              <param type="float4x4"/>
            </accessor>
          </technique_common>
        </source>
        <source id="joint6-Interpolations">
          <Name_array id="joint6-Interpolations-array" count="23">
 LINEAR LINEAR LINEAR LINEAR LINEAR LINEAR LINEAR LINEAR LINEAR LINEAR LINEAR
LINEAR LINEAR LINEAR LINEAR LINEAR LINEAR LINEAR LINEAR LINEAR LINEAR LINEAR LINEAR</Name_array>
          <technique_common>
            <accessor source="#joint6-Interpolations-array" count="23">
              <param type="name"/>
            </accessor>
          </technique_common>
        </source>
        <sampler id="joint6-Matrix-animation-transform">
          <input semantic="INPUT" source="#joint6-Matrix-animation-input"/>
          <input semantic="OUTPUT" source="#joint6-Matrix-animation-output-transform"/>
          <input semantic="INTERPOLATION" source="#joint6-Interpolations"/>
        </sampler>
        <channel source="#joint6-Matrix-animation-transform" target="joint6/matrix"/>
      </animation>
    </animation>
    <animation id="joint7-anim" name="joint7">
      <animation>
        <source id="joint7-Matrix-animation-input">
          <float_array id="joint7-Matrix-animation-input-array" count="23">

0.041667 0.083333 0.125000 0.166667 0.208333 0.250000 0.291667 0.333333 0.375000 0.416667 0.458333 0.500000 0.541667 0.583333 0.625000 0.666667
0.708333 0.750000 0.791667 0.833333 0.875000 0.916667 0.958333</float_array>
          <technique_common>
            <accessor source="#joint7-Matrix-animation-input-array" count="23">
              <param name="TIME" type="float"/>
            </accessor>
          </technique_common>
        </source>
        <source id="joint7-Matrix-animation-output-transform">
          <float_array id="joint7-Matrix-animation-output-transform-array" count="368">

0.930638 -0.213288 0.297358 0.898480 0.196716 0.976773 0.084959 0.071473 -0.308572 -0.020571 0.950979 -0.432773 0.000000 0.000000 0.000000 1.000000
0.930638 -0.213288 0.297358 0.898480 0.196716 0.976773 0.084959 0.071473 -0.308572 -0.020571 0.950979 -0.432773 0.000000 0.000000 0.000000 1.000000
0.930638 -0.213288 0.297358 0.898480 0.196716 0.976773 0.084959 0.071473 -0.308572 -0.020571 0.950979 -0.432773 0.000000 0.000000 0.000000 1.000000
0.930638 -0.213288 0.297358 0.898480 0.196716 0.976773 0.084959 0.071473 -0.308572 -0.020571 0.950979 -0.432773 0.000000 0.000000 0.000000 1.000000
0.930638 -0.213288 0.297358 0.898480 0.196716 0.976773 0.084959 0.071473 -0.308572 -0.020571 0.950979 -0.432773 0.000000 0.000000 0.000000 1.000000
0.930638 -0.213288 0.297358 0.898480 0.196716 0.976773 0.084959 0.071473 -0.308572 -0.020571 0.950979 -0.432773 0.000000 0.000000 0.000000 1.000000
0.930638 -0.213288 0.297358 0.898480 0.196716 0.976773 0.084959 0.071473 -0.308572 -0.020571 0.950979 -0.432773 0.000000 0.000000 0.000000 1.000000
0.930638 -0.213288 0.297358 0.898480 0.196716 0.976773 0.084959 0.071473 -0.308572 -0.020571 0.950979 -0.432773 0.000000 0.000000 0.000000 1.000000
0.930638 -0.213288 0.297358 0.898480 0.196716 0.976773 0.084959 0.071473 -0.308572 -0.020571 0.950979 -0.432773 0.000000 0.000000 0.000000 1.000000
0.930638 -0.213288 0.297358 0.898480 0.196716 0.976773 0.084959 0.071473 -0.308572 -0.020571 0.950979 -0.432773 0.000000 0.000000 0.000000 1.000000
0.930638 -0.213288 0.297358 0.898480 0.196716 0.976773 0.084959 0.071473 -0.308572 -0.020571 0.950979 -0.432773 0.000000 0.000000 0.000000 1.000000
0.930638 -0.213288 0.297358 0.898480 0.196716 0.976773 0.084959 0.071473 -0.308572 -0.020571 0.950979 -0.432773 0.000000 0.000000 0.000000 1.000000
0.930638 -0.213288 0.297358 0.898480 0.196716 0.976773 0.084959 0.071473 -0.308572 -0.020571 0.950979 -0.432773 0.000000 0.000000 0.000000 1.000000
0.930638 -0.213288 0.297358 0.898480 0.196716 0.976773 0.084959 0.071473 -0.308572 -0.020571 0.950979 -0.432773 0.000000 0.000000 0.000000 1.000000
0.930638 -0.213288 0.297358 0.898480 0.196716 0.976773 0.084959 0.071473 -0.308572 -0.020571 0.950979 -0.432773 0.000000 0.000000 0.000000 1.000000
0.930638 -0.213288 0.297358 0.898480 0.196716 0.976773 0.084959 0.071473 -0.308572 -0.020571 0.950979 -0.432773 0.000000 0.000000 0.000000 1.000000
0.930638 -0.213288 0.297358 0.898480 0.196716 0.976773 0.084959 0.071473 -0.308572 -0.020571 0.950979 -0.432773 0.000000 0.000000 0.000000 1.000000
0.930638 -0.213288 0.297358 0.898480 0.196716 0.976773 0.084959 0.071473 -0.308572 -0.020571 0.950979 -0.432773 0.000000 0.000000 0.000000 1.000000
0.930638 -0.213288 0.297358 0.898480 0.196716 0.976773 0.084959 0.071473 -0.308572 -0.020571 0.950979 -0.432773 0.000000 0.000000 0.000000 1.000000
0.930638 -0.213288 0.297358 0.898480 0.196716 0.976773 0.084959 0.071473 -0.308572 -0.020571 0.950979 -0.432773 0.000000 0.000000 0.000000 1.000000
0.930638 -0.213288 0.297358 0.898480 0.196716 0.976773 0.084959 0.071473 -0.308572 -0.020571 0.950979 -0.432773 0.000000 0.000000 0.000000 1.000000
0.930638 -0.213288 0.297358 0.898480 0.196716 0.976773 0.084959 0.071473 -0.308572 -0.020571 0.950979 -0.432773 0.000000 0.000000 0.000000 1.000000
0.930638 -0.213288 0.297358 0.898480 0.196716 0.976773 0.084959 0.071473 -0.308572 -0.020571 0.950979 -0.432773 0.000000 0.000000 0.000000 1.000000</float_array>
          <technique_common>
            <accessor source="#joint7-Matrix-animation-output-transform-array" count="23" stride="16">
              <param type="float4x4"/>
            </accessor>
          </technique_common>
        </source>
        <source id="joint7-Interpolations">
          <Name_array id="joint7-Interpolations-array" count="23">
 LINEAR LINEAR LINEAR LINEAR LINEAR LINEAR LINEAR LINEAR LINEAR LINEAR LINEAR
LINEAR LINEAR LINEAR LINEAR LINEAR LINEAR LINEAR LINEAR LINEAR LINEAR LINEAR LINEAR</Name_array>
          <technique_common>
            <accessor source="#joint7-Interpolations-array" count="23">
              <param type="name"/>
            </accessor>
          </technique_common>
        </source>
        <sampler id="joint7-Matrix-animation-transform">
          <input semantic="INPUT" source="#joint7-Matrix-animation-input"/>
          <input semantic="OUTPUT" source="#joint7-Matrix-animation-output-transform"/>
          <input semantic="INTERPOLATION" source="#joint7-Interpolations"/>
        </sampler>
        <channel source="#joint7-Matrix-animation-transform" target="joint7/matrix"/>
      </animation>
    </animation>
    <animation id="joint8-anim" name="joint8">
      <animation>
        <source id="joint8-Matrix-animation-input">
          <float_array id="joint8-Matrix-animation-input-array" count="23">

0.041667 0.083333 0.125000 0.166667 0.208333 0.250000 0.291667 0.333333 0.375000 0.416667 0.458333 0.500000 0.541667 0.583333 0.625000 0.666667
0.708333 0.750000 0.791667 0.833333 0.875000 0.916667 0.958333</float_array>
          <technique_common>
            <accessor source="#joint8-Matrix-animation-input-array" count="23">
              <param name="TIME" type="float"/>
            </accessor>
          </technique_common>
        </source>
        <source id="joint8-Matrix-animation-output-transform">
          <float_array id="joint8-Matrix-animation-output-transform-array" count="368">

0.999921 -0.012566 0.000000 0.745333 0.012566 0.999921 0.000000 0.005063 -0.000000 -0.000000 1.000000 -0.299684 0.000000 0.000000 0.000000 1.000000
0.999921 -0.012566 0.000000 0.738284 0.012566 0.999921 0.000000 0.004593 -0.000000 -0.000000 1.000000 -0.299684 0.000000 0.000000 0.000000 1.000000
0.999921 -0.012566 0.000000 0.718957 0.012566 0.999921 0.000000 0.003304 -0.000000 -0.000000 1.000000 -0.299684 0.000000 0.000000 0.000000 1.000000
0.999921 -0.012566 0.000000 0.690079 0.012566 0.999921 0.000000 0.001379 -0.000000 -0.000000 1.000000 -0.299684 0.000000 0.000000 0.000000 1.000000
0.999921 -0.012566 0.000000 0.654380 0.012566 0.999921 0.000000 -0.001001 -0.000000 -0.000000 1.000000 -0.299684 0.000000 0.000000 0.000000 1.000000
0.999921 -0.012566 0.000000 0.614588 0.012566 0.999921 0.000000 -0.003653 -0.000000 -0.000000 1.000000 -0.299684 0.000000 0.000000 0.000000 1.000000
0.999921 -0.012566 0.000000 0.573431 0.012566 0.999921 0.000000 -0.006397 -0.000000 -0.000000 1.000000 -0.299684 0.000000 0.000000 0.000000 1.000000
0.999921 -0.012566 0.000000 0.533639 0.012566 0.999921 0.000000 -0.009050 -0.000000 -0.000000 1.000000 -0.299684 0.000000 0.000000 0.000000 1.000000
0.999921 -0.012566 0.000000 0.497940 0.012566 0.999921 0.000000 -0.011430 -0.000000 -0.000000 1.000000 -0.299684 0.000000 0.000000 0.000000 1.000000
0.999921 -0.012566 0.000000 0.469062 0.012566 0.999921 0.000000 -0.013355 -0.000000 -0.000000 1.000000 -0.299684 0.000000 0.000000 0.000000 1.000000
0.999921 -0.012566 0.000000 0.449734 0.012566 0.999921 0.000000 -0.014644 -0.000000 -0.000000 1.000000 -0.299684 0.000000 0.000000 0.000000 1.000000
0.999921 -0.012566 0.000000 0.442685 0.012566 0.999921 0.000000 -0.015114 -0.000000 -0.000000 1.000000 -0.299684 0.000000 0.000000 0.000000 1.000000
0.999921 -0.012566 0.000000 0.448640 0.012566 0.999921 0.000000 -0.014717 -0.000000 -0.000000 1.000000 -0.299684 0.000000 0.000000 0.000000 1.000000
0.999921 -0.012566 0.000000 0.465104 0.012566 0.999921 0.000000 -0.013619 -0.000000 -0.000000 1.000000 -0.299684 0.000000 0.000000 0.000000 1.000000
0.999921 -0.012566 0.000000 0.489974 0.012566 0.999921 0.000000 -0.011961 -0.000000 -0.000000 1.000000 -0.299684 0.000000 0.000000 0.000000 1.000000
0.999921 -0.012566 0.000000 0.521150 0.012566 0.999921 0.000000 -0.009883 -0.000000 -0.000000 1.000000 -0.299684 0.000000 0.000000 0.000000 1.000000
0.999921 -0.012566 0.000000 0.556529 0.012566 0.999921 0.000000 -0.007524 -0.000000 -0.000000 1.000000 -0.299684 0.000000 0.000000 0.000000 1.000000
0.999921 -0.012566 0.000000 0.594009 0.012566 0.999921 0.000000 -0.005025 -0.000000 -0.000000 1.000000 -0.299684 0.000000 0.000000 0.000000 1.000000
0.999921 -0.012566 0.000000 0.631490 0.012566 0.999921 0.000000 -0.002527 -0.000000 -0.000000 1.000000 -0.299684 0.000000 0.000000 0.000000 1.000000
0.999921 -0.012566 0.000000 0.666869 0.012566 0.999921 0.000000 -0.000168 -0.000000 -0.000000 1.000000 -0.299684 0.000000 0.000000 0.000000 1.000000
0.999921 -0.012566 0.000000 0.698045 0.012566 0.999921 0.000000 0.001910 -0.000000 -0.000000 1.000000 -0.299684 0.000000 0.000000 0.000000 1.000000
0.999921 -0.012566 0.000000 0.722915 0.012566 0.999921 0.000000 0.003568 -0.000000 -0.000000 1.000000 -0.299684 0.000000 0.000000 0.000000 1.000000
0.999921 -0.012566 0.000000 0.739379 0.012566 0.999921 0.000000 0.004666 -0.000000 -0.000000 1.000000 -0.299684 0.000000 0.000000 0.000000 1.000000</float_array>
          <technique_common>
            <accessor source="#joint8-Matrix-animation-output-transform-array" count="23" stride="16">
              <param type="float4x4"/>
            </accessor>
          </technique_common>
        </source>
        <source id="joint8-Interpolations">
          <Name_array id="joint8-Interpolations-array" count="23">
 LINEAR LINEAR LINEAR LINEAR LINEAR LINEAR LINEAR LINEAR LINEAR LINEAR LINEAR
LINEAR LINEAR LINEAR LINEAR LINEAR LINEAR LINEAR LINEAR LINEAR LINEAR LINEAR LINEAR</Name_array>
          <technique_common>
            <accessor source="#joint8-Interpolations-array" count="23">
              <param type="name"/>
            </accessor>
          </technique_common>
        </source>
        <sampler id="joint8-Matrix-animation-transform">
          <input semantic="INPUT" source="#joint8-Matrix-animation-input"/>
          <input semantic="OUTPUT" source="#joint8-Matrix-animation-output-transform"/>
          <input semantic="INTERPOLATION" source="#joint8-Interpolations"/>
        </sampler>
        <channel source="#joint8-Matrix-animation-transform" target="joint8/matrix"/>
      </animation>
    </animation>
    <animation id="joint9-anim" name="joint9">
      <animation>
        <source id="joint9-Matrix-animation-input">
          <float_array id="joint9-Matrix-animation-input-array" count="23">

0.041667 0.083333 0.125000 0.166667 0.208333 0.250000 0.291667 0.333333 0.375000 0.416667 0.458333 0.500000 0.541667 0.583333 0.625000 0.666667
0.708333 0.750000 0.791667 0.833333 0.875000 0.916667 0.958333</float_array>
          <technique_common>
            <accessor source="#joint9-Matrix-animation-input-array" count="23">
              <param name="TIME" type="float"/>
            </accessor>
          </technique_common>
        </source>
        <source id="joint9-Matrix-animation-output-transform">
          <float_array id="joint9-Matrix-animation-output-transform-array" count="368">

0.994241 0.107167 0.000000 0.584346 -0.107167 0.994241 0.000000 0.001858 -0.000000 -0.000000 1.000000 -0.412056 0.000000 0.000000 0.000000 1.000000
0.994241 0.107167 0.000000 0.578851 -0.107167 0.994241 0.000000 0.001561 -0.000000 -0.000000 1.000000 -0.412056 0.000000 0.000000 0.000000 1.000000
0.994241 0.107167 0.000000 0.563786 -0.107167 0.994241 0.000000 0.000747 -0.000000 -0.000000 1.000000 -0.412056 0.000000 0.000000 0.000000 1.000000
0.994241 0.107167 0.000000 0.541277 -0.107167 0.994241 0.000000 -0.000470 -0.000000 -0.000000 1.000000 -0.412056 0.000000 0.000000 0.000000 1.000000
0.994241 0.107167 0.000000 0.513450 -0.107167 0.994241 0.000000 -0.001974 -0.000000 -0.000000 1.000000 -0.412056 0.000000 0.000000 0.000000 1.000000
