<?xml version="1.0" encoding="utf-8"?>
<COLLADA xmlns="http://www.collada.org/2005/11/COLLADASchema" version="1.4.1">
  <asset>
    <contributor>
      <author/>
      <authoring_tool>FBX COLLADA exporter</authoring_tool>
      <comments/>
    </contributor>
    <created>2019-11-16T19:11:53Z</created>
    <keywords/>
    <modified>2019-11-16T19:11:53Z</modified>
    <revision/>
    <subject/>
    <title/>
    <unit meter="0.010000" name="centimeter"/>
    <up_axis>Y_UP</up_axis>
  </asset>
  <library_animations>
    <animation id="joint1-anim" name="joint1">
      <animation>
        <source id="joint1-Matrix-animation-input">
          <float_array id="joint1-Matrix-animation-input-array" count="23">

0.041667 0.083333 0.125000 0.166667 0.208333 0.250000 0.291667 0.333333 0.375000 0.416667 0.458333 0.500000 0.541667 0.583333 0.625000 0.666667
0.708333 0.750000 0.791667 0.833333 0.875000 0.916667 0.958333</float_array>
          <technique_common>
            <accessor source="#joint1-Matrix-animation-input-array" count="23">
              <param name="TIME" type="float"/>
            </accessor>
          </technique_common>
        </source>
        <source id="joint1-Matrix-animation-output-transform">
          <float_array id="joint1-Matrix-animation-output-transform-array" count="368">

-0.473143 0.880986 0.000000 -0.179665 0.880986 0.473143 -0.000000 0.371965 -0.000000 0.000000 -1.000000 0.000000 0.000000 0.000000 0.000000 1.000000
-0.471826 0.881673 -0.005781 -0.179665 0.881291 0.471799 0.027050 0.371965 0.026577 0.007669 -0.999617 0.000000 0.000000 0.000000 0.000000 1.000000
-0.468060 0.883487 -0.019231 -0.179665 0.879119 0.467737 0.091498 0.371965 0.089832 0.025920 -0.995620 0.000000 0.000000 0.000000 0.000000 1.000000
-0.462460 0.885965 -0.034600 -0.179665 0.871190 0.461309 0.167993 0.371965 0.164797 0.047547 -0.985181 0.000000 0.000000 0.000000 0.000000 1.000000
-0.456900 0.888284 -0.046838 -0.179665 0.860108 0.454609 0.231398 0.371965 0.226840 0.065440 -0.971731 0.000000 0.000000 0.000000 0.000000 1.000000
-0.454346 0.889319 -0.051783 -0.179665 0.854267 0.451446 0.257729 0.371965 0.252580 0.072861 -0.964829 0.000000 0.000000 0.000000 0.000000 1.000000
-0.455482 0.888954 -0.047929 -0.179665 0.859192 0.453052 0.237767 0.371965 0.233078 0.067119 -0.970139 0.000000 0.000000 0.000000 0.000000 1.000000
-0.458076 0.888107 -0.037845 -0.179665 0.870037 0.456669 0.185710 0.371965 0.182213 0.052143 -0.981876 0.000000 0.000000 0.000000 0.000000 1.000000
-0.460813 0.887179 -0.023760 -0.179665 0.880457 0.460359 0.113427 0.371965 0.111568 0.031349 -0.993262 0.000000 0.000000 0.000000 0.000000 1.000000
-0.462714 0.886471 -0.008071 -0.179665 0.885876 0.462709 0.033535 0.371965 0.033462 0.008368 -0.999405 0.000000 0.000000 0.000000 0.000000 1.000000
-0.463479 0.886083 0.006653 -0.179665 0.885242 0.463344 -0.040726 0.371965 -0.039169 -0.012987 -0.999148 0.000000 0.000000 0.000000 0.000000 1.000000
-0.463529 0.885903 0.017780 -0.179665 0.881142 0.462968 -0.096172 0.371965 -0.093431 -0.028912 -0.995206 0.000000 0.000000 0.000000 0.000000 1.000000
-0.463448 0.885745 0.025897 -0.179665 0.876184 0.462419 -0.135903 0.371965 -0.132351 -0.040294 -0.990384 0.000000 0.000000 0.000000 0.000000 1.000000
-0.463312 0.885574 0.033162 -0.179665 0.870401 0.461770 -0.170794 0.371965 -0.166564 -0.050267 -0.984748 0.000000 0.000000 0.000000 0.000000 1.000000
-0.463202 0.885379 0.039329 -0.179665 0.864537 0.461171 -0.199741 0.371965 -0.194984 -0.058519 -0.979059 0.000000 0.000000 0.000000 0.000000 1.000000
-0.463213 0.885147 0.044145 -0.179665 0.859380 0.460785 -0.221684 0.371965 -0.216565 -0.064749 -0.974119 0.000000 0.000000 0.000000 0.000000 1.000000
-0.463443 0.884861 0.047352 -0.179665 0.855681 0.460767 -0.235593 0.371965 -0.230285 -0.068665 -0.970698 0.000000 0.000000 0.000000 0.000000 1.000000
-0.463966 0.884514 0.048681 -0.179665 0.854082 0.461236 -0.240426 0.371965 -0.235114 -0.069972 -0.969446 0.000000 0.000000 0.000000 0.000000 1.000000
-0.465512 0.883876 0.045402 -0.179665 0.857764 0.463208 -0.222890 0.371965 -0.218038 -0.064814 -0.973786 0.000000 0.000000 0.000000 0.000000 1.000000
-0.468055 0.882940 0.036626 -0.179665 0.866200 0.466599 -0.178840 0.371965 -0.174994 -0.051981 -0.983196 0.000000 0.000000 0.000000 0.000000 1.000000
-0.470513 0.882041 0.024912 -0.179665 0.874401 0.469857 -0.121064 0.371965 -0.118488 -0.035179 -0.992332 0.000000 0.000000 0.000000 0.000000 1.000000
-0.472186 0.881403 0.012989 -0.179665 0.879347 0.472011 -0.062882 0.371965 -0.061555 -0.018270 -0.997936 0.000000 0.000000 0.000000 0.000000 1.000000
-0.472960 0.881076 0.003723 -0.179665 0.880908 0.472945 -0.017975 0.371965 -0.017599 -0.005222 -0.999831 0.000000 0.000000 0.000000 0.000000 1.000000</float_array>
          <technique_common>
            <accessor source="#joint1-Matrix-animation-output-transform-array" count="23" stride="16">
              <param type="float4x4"/>
            </accessor>
          </technique_common>
        </source>
        <source id="joint1-Interpolations">
          <Name_array id="joint1-Interpolations-array" count="23">
 LINEAR LINEAR LINEAR LINEAR LINEAR LINEAR LINEAR LINEAR LINEAR LINEAR LINEAR
LINEAR LINEAR LINEAR LINEAR LINEAR LINEAR LINEAR LINEAR LINEAR LINEAR LINEAR LINEAR</Name_array>
          <technique_common>
            <accessor source="#joint1-Interpolations-array" count="23">
              <param type="name"/>
            </accessor>
          </technique_common>
        </source>
        <sampler id="joint1-Matrix-animation-transform">
          <input semantic="INPUT" source="#joint1-Matrix-animation-input"/>
          <input semantic="OUTPUT" source="#joint1-Matrix-animation-output-transform"/>
          <input semantic="INTERPOLATION" source="#joint1-Interpolations"/>
        </sampler>
        <channel source="#joint1-Matrix-animation-transform" target="joint1/matrix"/>
      </animation>
    </animation>
    <animation id="joint2-anim" name="joint2">
      <animation>
        <source id="joint2-Matrix-animation-input">
          <float_array id="joint2-Matrix-animation-input-array" count="23">

0.041667 0.083333 0.125000 0.166667 0.208333 0.250000 0.291667 0.333333 0.375000 0.416667 0.458333 0.500000 0.541667 0.583333 0.625000 0.666667
0.708333 0.750000 0.791667 0.833333 0.875000 0.916667 0.958333</float_array>
          <technique_common>
            <accessor source="#joint2-Matrix-animation-input-array" count="23">
              <param name="TIME" type="float"/>
            </accessor>
          </technique_common>
        </source>
        <source id="joint2-Matrix-animation-output-transform">
          <float_array id="joint2-Matrix-animation-output-transform-array" count="368">

0.976768 -0.214299 -0.000000 0.680973 0.214299 0.976768 0.000000 -0.000000 -0.000000 -0.000000 1.000000 -0.000000 0.000000 0.000000 0.000000 1.000000
0.976822 -0.213529 -0.014939 0.680973 0.213486 0.976936 -0.004470 -0.000000 0.015549 0.001177 0.999878 -0.000000 0.000000 0.000000 0.000000 1.000000
0.976013 -0.211760 -0.050568 0.680973 0.211263 0.977314 -0.015027 -0.000000 0.052603 0.003983 0.998608 -0.000000 0.000000 0.000000 0.000000 1.000000
0.973313 -0.209770 -0.093051 0.680973 0.208099 0.977723 -0.027420 -0.000000 0.096730 0.007325 0.995284 -0.000000 0.000000 0.000000 0.000000 1.000000
0.969600 -0.208206 -0.128550 0.680973 0.205030 0.978033 -0.037614 -0.000000 0.133558 0.010114 0.990989 -0.000000 0.000000 0.000000 0.000000 1.000000
0.967651 -0.207577 -0.143399 0.680973 0.203631 0.978154 -0.041834 -0.000000 0.148950 0.011280 0.988780 -0.000000 0.000000 0.000000 0.000000 1.000000
0.972347 -0.207323 -0.107511 0.680973 0.205091 0.978235 -0.031535 -0.000000 0.111709 0.008613 0.993704 -0.000000 0.000000 0.000000 0.000000 1.000000
0.978162 -0.207128 -0.017244 0.680973 0.207061 0.978312 -0.005595 -0.000000 0.018029 0.001903 0.999836 -0.000000 0.000000 0.000000 0.000000 1.000000
0.973022 -0.207822 0.100192 0.680973 0.206008 0.978143 0.028235 -0.000000 -0.103870 -0.006833 0.994567 -0.000000 0.000000 0.000000 0.000000 1.000000
0.953606 -0.209608 0.216100 0.680973 0.200904 0.977663 0.061743 -0.000000 -0.224215 -0.015464 0.974417 -0.000000 0.000000 0.000000 0.000000 1.000000
0.929120 -0.211797 0.303116 0.680973 0.194333 0.977067 0.087032 -0.000000 -0.314597 -0.021957 0.948971 0.000000 0.000000 0.000000 0.000000 1.000000
0.917006 -0.213108 0.337173 0.680973 0.191290 0.976721 0.097081 -0.000000 -0.350012 -0.024526 0.936424 0.000000 0.000000 0.000000 0.000000 1.000000
0.916977 -0.213599 0.336941 0.680973 0.191760 0.976613 0.097241 -0.000000 -0.349831 -0.024556 0.936491 0.000000 0.000000 0.000000 0.000000 1.000000
0.917315 -0.214141 0.335673 0.680973 0.192411 0.976495 0.097134 -0.000000 -0.348583 -0.024516 0.936957 0.000000 0.000000 0.000000 0.000000 1.000000
0.918404 -0.214668 0.332342 0.680973 0.193320 0.976384 0.096444 -0.000000 -0.345197 -0.024326 0.938215 0.000000 0.000000 0.000000 0.000000 1.000000
0.920599 -0.215120 0.325917 0.680973 0.194556 0.976295 0.094848 -0.000000 -0.338595 -0.023908 0.940629 0.000000 0.000000 0.000000 0.000000 1.000000
0.924200 -0.215437 0.315344 0.680973 0.196172 0.976243 0.092014 -0.000000 -0.327675 -0.023178 0.944506 0.000000 0.000000 0.000000 0.000000 1.000000
0.929412 -0.215567 0.299539 0.680973 0.198195 0.976240 0.087603 -0.000000 -0.311306 -0.022052 0.950054 0.000000 0.000000 0.000000 0.000000 1.000000
0.939954 -0.215286 0.264835 0.680973 0.201756 0.976356 0.077613 -0.000000 -0.275283 -0.019520 0.961165 0.000000 0.000000 0.000000 0.000000 1.000000
0.954613 -0.214719 0.206420 0.680973 0.206548 0.976557 0.060614 -0.000000 -0.214596 -0.015227 0.976584 0.000000 0.000000 0.000000 0.000000 1.000000
0.967121 -0.214272 0.136983 0.680973 0.210691 0.976722 0.040297 -0.000000 -0.142429 -0.010111 0.989753 0.000000 0.000000 0.000000 0.000000 1.000000
0.974286 -0.214130 0.070105 0.680973 0.213194 0.976791 0.020654 -0.000000 -0.072901 -0.005177 0.997326 0.000000 0.000000 0.000000 0.000000 1.000000
0.976585 -0.214219 0.019810 0.680973 0.214144 0.976785 0.005842 -0.000000 -0.020602 -0.001463 0.999787 0.000000 0.000000 0.000000 0.000000 1.000000</float_array>
          <technique_common>
            <accessor source="#joint2-Matrix-animation-output-transform-array" count="23" stride="16">
              <param type="float4x4"/>
            </accessor>
          </technique_common>
        </source>
        <source id="joint2-Interpolations">
          <Name_array id="joint2-Interpolations-array" count="23">
 LINEAR LINEAR LINEAR LINEAR LINEAR LINEAR LINEAR LINEAR LINEAR LINEAR LINEAR
LINEAR LINEAR LINEAR LINEAR LINEAR LINEAR LINEAR LINEAR LINEAR LINEAR LINEAR LINEAR</Name_array>
          <technique_common>
            <accessor source="#joint2-Interpolations-array" count="23">
              <param type="name"/>
            </accessor>
          </technique_common>
        </source>
        <sampler id="joint2-Matrix-animation-transform">
          <input semantic="INPUT" source="#joint2-Matrix-animation-input"/>
          <input semantic="OUTPUT" source="#joint2-Matrix-animation-output-transform"/>
          <input semantic="INTERPOLATION" source="#joint2-Interpolations"/>
        </sampler>
        <channel source="#joint2-Matrix-animation-transform" target="joint2/matrix"/>
      </animation>
    </animation>
    <animation id="joint3-anim" name="joint3">
      <animation>
        <source id="joint3-Matrix-animation-input">
          <float_array id="joint3-Matrix-animation-input-array" count="23">

0.041667 0.083333 0.125000 0.166667 0.208333 0.250000 0.291667 0.333333 0.375000 0.416667 0.458333 0.500000 0.541667 0.583333 0.625000 0.666667
0.708333 0.750000 0.791667 0.833333 0.875000 0.916667 0.958333</float_array>
          <technique_common>
            <accessor source="#joint3-Matrix-animation-input-array" count="23">
              <param name="TIME" type="float"/>
            </accessor>
          </technique_common>
        </source>
        <source id="joint3-Matrix-animation-output-transform">
          <float_array id="joint3-Matrix-animation-output-transform-array" count="368">

0.995239 0.097462 0.000000 0.624968 0.097462 -0.995239 -0.000000 0.000000 0.000000 0.000000 -1.000000 0.000000 0.000000 0.000000 0.000000 1.000000
0.995166 0.096541 0.018007 0.624968 0.096532 -0.995329 0.001358 0.000000 0.018054 0.000387 -0.999837 -0.000000 0.000000 0.000000 0.000000 1.000000
0.993677 0.094309 0.060924 0.624968 0.094213 -0.995542 0.004459 0.000000 0.061072 0.001309 -0.998132 -0.000000 0.000000 0.000000 0.000000 1.000000
0.989478 0.091582 0.112009 0.624968 0.091272 -0.995795 0.007900 0.000000 0.112262 0.002406 -0.993676 -0.000000 0.000000 0.000000 0.000000 1.000000
0.983938 0.089243 0.154602 0.624968 0.088678 -0.996004 0.010560 0.000000 0.154927 0.003319 -0.987920 -0.000000 0.000000 0.000000 0.000000 1.000000
0.981068 0.088247 0.172387 0.624968 0.087558 -0.996092 0.011614 0.000000 0.172738 0.003700 -0.984961 -0.000000 0.000000 0.000000 0.000000 1.000000
0.983520 0.088414 0.157704 0.624968 0.087826 -0.996078 0.010704 0.000000 0.158032 0.003323 -0.987428 -0.000000 0.000000 0.000000 0.000000 1.000000
0.988689 0.088824 0.120851 0.624968 0.088457 -0.996044 0.008408 0.000000 0.121120 0.002378 -0.992635 -0.000000 0.000000 0.000000 0.000000 1.000000
0.993344 0.089348 0.072701 0.624968 0.089194 -0.996000 0.005373 0.000000 0.072890 0.001147 -0.997339 0.000000 0.000000 0.000000 0.000000 1.000000
0.995653 0.089893 0.024382 0.624968 0.089864 -0.995951 0.002282 0.000000 0.024489 -0.000081 -0.999700 0.000000 0.000000 0.000000 0.000000 1.000000
0.995821 0.090417 -0.012828 0.624968 0.090423 -0.995903 -0.000149 0.000000 -0.012789 -0.001012 -0.999918 0.000000 0.000000 0.000000 0.000000 1.000000
0.995473 0.090919 -0.027707 0.624968 0.090922 -0.995857 -0.001169 0.000000 -0.027698 -0.001355 -0.999615 0.000000 0.000000 0.000000 0.000000 1.000000
0.995438 0.091460 -0.027159 0.624968 0.091461 -0.995808 -0.001200 0.000000 -0.027154 -0.001289 -0.999630 0.000000 0.000000 0.000000 0.000000 1.000000
0.995421 0.092085 -0.025649 0.624968 0.092086 -0.995750 -0.001178 0.000000 -0.025649 -0.001190 -0.999670 0.000000 0.000000 0.000000 0.000000 1.000000
0.995413 0.092770 -0.023371 0.624968 0.092770 -0.995687 -0.001109 -0.000000 -0.023373 -0.001064 -0.999726 0.000000 0.000000 0.000000 0.000000 1.000000
0.995409 0.093489 -0.020517 0.624968 0.093488 -0.995620 -0.001002 -0.000000 -0.020521 -0.000920 -0.999789 0.000000 0.000000 0.000000 0.000000 1.000000
0.995402 0.094217 -0.017278 0.624968 0.094216 -0.995551 -0.000866 -0.000000 -0.017283 -0.000766 -0.999850 0.000000 0.000000 0.000000 0.000000 1.000000
0.995388 0.094929 -0.013847 0.624968 0.094928 -0.995484 -0.000710 -0.000000 -0.013852 -0.000607 -0.999904 0.000000 0.000000 0.000000 0.000000 1.000000
0.995365 0.095599 -0.010417 0.624968 0.095599 -0.995420 -0.000546 -0.000000 -0.010422 -0.000453 -0.999946 0.000000 0.000000 0.000000 0.000000 1.000000
0.995336 0.096204 -0.007179 0.624968 0.096203 -0.995362 -0.000383 -0.000000 -0.007183 -0.000310 -0.999974 0.000000 0.000000 0.000000 0.000000 1.000000
0.995303 0.096717 -0.004327 0.624968 0.096717 -0.995312 -0.000234 0.000000 -0.004329 -0.000185 -0.999991 0.000000 0.000000 0.000000 0.000000 1.000000
0.995271 0.097114 -0.002051 0.624968 0.097114 -0.995273 -0.000112 0.000000 -0.002052 -0.000087 -0.999998 0.000000 0.000000 0.000000 0.000000 1.000000
0.995248 0.097371 -0.000545 0.624968 0.097371 -0.995248 -0.000030 0.000000 -0.000545 -0.000023 -1.000000 0.000000 0.000000 0.000000 0.000000 1.000000</float_array>
          <technique_common>
            <accessor source="#joint3-Matrix-animation-output-transform-array" count="23" stride="16">
              <param type="float4x4"/>
            </accessor>
          </technique_common>
        </source>
        <source id="joint3-Interpolations">
          <Name_array id="joint3-Interpolations-array" count="23">
 LINEAR LINEAR LINEAR LINEAR LINEAR LINEAR LINEAR LINEAR LINEAR LINEAR LINEAR
LINEAR LINEAR LINEAR LINEAR LINEAR LINEAR LINEAR LINEAR LINEAR LINEAR LINEAR LINEAR</Name_array>
          <technique_common>
            <accessor source="#joint3-Interpolations-array" count="23">
              <param type="name"/>
            </accessor>
          </technique_common>
        </source>
        <sampler id="joint3-Matrix-animation-transform">
          <input semantic="INPUT" source="#joint3-Matrix-animation-input"/>
          <input semantic="OUTPUT" source="#joint3-Matrix-animation-output-transform"/>
          <input semantic="INTERPOLATION" source="#joint3-Interpolations"/>
        </sampler>
        <channel source="#joint3-Matrix-animation-transform" target="joint3/matrix"/>
      </animation>
    </animation>
    <animation id="joint4-anim" name="joint4">
      <animation>
        <source id="joint4-Matrix-animation-input">
          <float_array id="joint4-Matrix-animation-input-array" count="23">

0.041667 0.083333 0.125000 0.166667 0.208333 0.250000 0.291667 0.333333 0.375000 0.416667 0.458333 0.500000 0.541667 0.583333 0.625000 0.666667
0.708333 0.750000 0.791667 0.833333 0.875000 0.916667 0.958333</float_array>
          <technique_common>
            <accessor source="#joint4-Matrix-animation-input-array" count="23">
              <param name="TIME" type="float"/>
            </accessor>
          </technique_common>
        </source>
        <source id="joint4-Matrix-animation-output-transform">
          <float_array id="joint4-Matrix-animation-output-transform-array" count="368">

0.446541 0.894763 0.000000 0.564206 -0.894763 0.446541 0.000000 0.000000 -0.000000 -0.000000 1.000000 -0.000000 0.000000 0.000000 0.000000 1.000000
0.445215 0.895258 -0.017218 0.564206 -0.895395 0.445272 -0.000534 0.000000 0.007189 0.015655 0.999852 -0.000000 0.000000 0.000000 0.000000 1.000000
0.441991 0.895126 -0.058246 0.564206 -0.896689 0.442657 -0.001623 0.000000 0.024330 0.052946 0.998301 -0.000000 0.000000 0.000000 0.000000 1.000000
0.438034 0.892560 -0.107066 0.564206 -0.897842 0.440309 -0.002641 0.000000 0.044785 0.097285 0.994248 -0.000000 0.000000 0.000000 0.000000 1.000000
0.434629 0.888408 -0.147747 0.564206 -0.898479 0.439005 -0.003315 0.000000 0.061916 0.134188 0.989020 -0.000000 0.000000 0.000000 0.000000 1.000000
0.433178 0.886128 -0.164725 0.564206 -0.898656 0.438640 -0.003563 0.000000 0.069098 0.149574 0.986333 -0.000000 0.000000 0.000000 0.000000 1.000000
0.433941 0.891095 -0.132834 0.564206 -0.899255 0.437413 -0.003362 0.000000 0.055108 0.120910 0.991133 -0.000000 0.000000 0.000000 0.000000 1.000000
0.435630 0.898595 -0.052477 0.564206 -0.899901 0.436083 -0.003085 0.000000 0.020112 0.048568 0.998617 -0.000000 0.000000 0.000000 0.000000 1.000000
0.437362 0.897752 0.052500 0.564206 -0.898927 0.438091 -0.002669 0.000000 -0.025396 -0.046026 0.998617 -0.000000 0.000000 0.000000 0.000000 1.000000
0.438603 0.884898 0.156794 0.564206 -0.895882 0.444290 -0.001368 0.000000 -0.070873 -0.139868 0.987630 -0.000000 0.000000 0.000000 0.000000 1.000000
0.439342 0.866848 0.235697 0.564206 -0.892068 0.451901 0.000819 0.000000 -0.105802 -0.210618 0.971826 0.000000 0.000000 0.000000 0.000000 1.000000
0.439963 0.857474 0.266781 0.564206 -0.889995 0.455964 0.002202 0.000000 -0.119754 -0.238403 0.963755 0.000000 0.000000 0.000000 0.000000 1.000000
0.440723 0.858655 0.261678 0.564206 -0.889932 0.456087 0.002263 0.000000 -0.117404 -0.233873 0.965153 0.000000 0.000000 0.000000 0.000000 1.000000
0.441575 0.862405 0.247528 0.564206 -0.890344 0.455284 0.002076 0.000000 -0.110905 -0.221301 0.968879 0.000000 0.000000 0.000000 0.000000 1.000000
0.442465 0.867832 0.226034 0.564206 -0.891071 0.453861 0.001735 0.000000 -0.101083 -0.202180 0.974118 0.000000 0.000000 0.000000 0.000000 1.000000
0.443340 0.874005 0.198908 0.564206 -0.891948 0.452137 0.001340 0.000000 -0.088762 -0.178010 0.980017 0.000000 0.000000 0.000000 0.000000 1.000000
0.444151 0.880078 0.167905 0.564206 -0.892827 0.450400 0.000970 0.000000 -0.074771 -0.150341 0.985803 0.000000 0.000000 0.000000 0.000000 1.000000
0.444859 0.885391 0.134844 0.564206 -0.893592 0.448879 0.000666 0.000000 -0.059939 -0.120792 0.990867 0.000000 0.000000 0.000000 0.000000 1.000000
0.445441 0.889527 0.101605 0.564206 -0.894175 0.447718 0.000439 0.000000 -0.045100 -0.091048 0.994825 0.000000 0.000000 0.000000 0.000000 1.000000
0.445886 0.892340 0.070104 0.564206 -0.894550 0.446969 0.000277 0.000000 -0.031087 -0.062835 0.997540 0.000000 0.000000 0.000000 0.000000 1.000000
0.446201 0.893934 0.042276 0.564206 -0.894737 0.446594 0.000161 0.000000 -0.018737 -0.037898 0.999106 0.000000 0.000000 0.000000 0.000000 1.000000
0.446401 0.894608 0.020048 0.564206 -0.894789 0.446490 0.000076 0.000000 -0.008883 -0.017972 0.999799 0.000000 0.000000 0.000000 0.000000 1.000000
0.446508 0.894764 0.005326 0.564206 -0.894777 0.446514 0.000021 0.000000 -0.002360 -0.004774 0.999986 0.000000 0.000000 0.000000 0.000000 1.000000</float_array>
          <technique_common>
            <accessor source="#joint4-Matrix-animation-output-transform-array" count="23" stride="16">
              <param type="float4x4"/>
            </accessor>
          </technique_common>
        </source>
        <source id="joint4-Interpolations">
          <Name_array id="joint4-Interpolations-array" count="23">
 LINEAR LINEAR LINEAR LINEAR LINEAR LINEAR LINEAR LINEAR LINEAR LINEAR LINEAR
LINEAR LINEAR LINEAR LINEAR LINEAR LINEAR LINEAR LINEAR LINEAR LINEAR LINEAR LINEAR</Name_array>
          <technique_common>
            <accessor source="#joint4-Interpolations-array" count="23">
              <param type="name"/>
            </accessor>
          </technique_common>
        </source>
        <sampler id="joint4-Matrix-animation-transform">
          <input semantic="INPUT" source="#joint4-Matrix-animation-input"/>
          <input semantic="OUTPUT" source="#joint4-Matrix-animation-output-transform"/>
          <input semantic="INTERPOLATION" source="#joint4-Interpolations"/>
        </sampler>
        <channel source="#joint4-Matrix-animation-transform" target="joint4/matrix"/>
      </animation>
    </animation>
    <animation id="joint6-anim" name="joint6">
      <animation>
        <source id="joint6-Matrix-animation-input">
          <float_array id="joint6-Matrix-animation-input-array" count="23">

0.041667 0.083333 0.125000 0.166667 0.208333 0.250000 0.291667 0.333333 0.375000 0.416667 0.458333 0.500000 0.541667 0.583333 0.625000 0.666667
0.708333 0.750000 0.791667 0.833333 0.875000 0.916667 0.958333</float_array>
          <technique_common>
            <accessor source="#joint6-Matrix-animation-input-array" count="23">
              <param name="TIME" type="float"/>
            </accessor>
          </technique_common>
        </source>
        <source id="joint6-Matrix-animation-output-transform">
          <float_array id="joint6-Matrix-animation-output-transform-array" count="368">

0.160247 -0.937380 0.309256 -0.087999 -0.985700 -0.168508 -0.000000 -0.073307 0.052112 -0.304834 -0.950979 0.000000 0.000000 0.000000 0.000000 1.000000
0.172789 -0.933158 0.315213 -0.087999 -0.984827 -0.168924 0.039766 -0.073307 0.016139 -0.317301 -0.948187 0.000000 0.000000 0.000000 0.000000 1.000000
0.203024 -0.923538 0.325361 -0.087999 -0.976693 -0.167363 0.134392 -0.073307 -0.069663 -0.345062 -0.935991 0.000000 0.000000 0.000000 0.000000 1.000000
0.238867 -0.913242 0.330048 -0.087999 -0.955817 -0.161150 0.245855 -0.073307 -0.171338 -0.374192 -0.911386 0.000000 0.000000 0.000000 0.000000 1.000000
0.267829 -0.905945 0.327921 -0.087999 -0.929075 -0.152724 0.336892 -0.073307 -0.255124 -0.394892 -0.882594 0.000000 0.000000 0.000000 0.000000 1.000000
0.279495 -0.903309 0.325446 -0.087999 -0.915397 -0.148421 0.374191 -0.073307 -0.289707 -0.402497 -0.868370 0.000000 0.000000 0.000000 0.000000 1.000000
0.271977 -0.904918 0.327340 -0.087999 -0.924445 -0.151222 0.350047 -0.073307 -0.267263 -0.397812 -0.877676 0.000000 0.000000 0.000000 0.000000 1.000000
0.252612 -0.909416 0.330377 -0.087999 -0.944391 -0.157457 0.288673 -0.073307 -0.210504 -0.384928 -0.898620 0.000000 0.000000 0.000000 0.000000 1.000000
0.226534 -0.916184 0.330590 -0.087999 -0.964516 -0.163753 0.207106 -0.073307 -0.135612 -0.365776 -0.920770 0.000000 0.000000 0.000000 0.000000 1.000000
0.199901 -0.923833 0.326454 -0.087999 -0.977983 -0.167758 0.124120 -0.073307 -0.059901 -0.344078 -0.937028 0.000000 0.000000 0.000000 0.000000 1.000000
0.179360 -0.930195 0.320262 -0.087999 -0.983782 -0.169127 0.059734 -0.073307 -0.001400 -0.325782 -0.945444 0.000000 0.000000 0.000000 0.000000 1.000000
0.171190 -0.932832 0.317048 -0.087999 -0.984992 -0.169232 0.033923 -0.073307 0.022010 -0.318097 -0.947803 0.000000 0.000000 0.000000 0.000000 1.000000
0.181210 -0.929469 0.321326 -0.087999 -0.983427 -0.169316 0.064834 -0.073307 -0.005855 -0.327749 -0.944747 0.000000 0.000000 0.000000 0.000000 1.000000
0.206384 -0.921392 0.329306 -0.087999 -0.975557 -0.167809 0.141879 -0.073307 -0.075465 -0.350538 -0.933503 0.000000 0.000000 0.000000 0.000000 1.000000
0.238826 -0.911840 0.333932 -0.087999 -0.956880 -0.162428 0.240826 -0.073307 -0.165355 -0.377049 -0.911313 0.000000 0.000000 0.000000 0.000000 1.000000
0.270120 -0.903690 0.332233 -0.087999 -0.928765 -0.153590 0.337352 -0.073307 -0.253834 -0.399692 -0.880803 0.000000 0.000000 0.000000 0.000000 1.000000
0.292859 -0.898571 0.326810 -0.087999 -0.900860 -0.144756 0.409263 -0.073307 -0.320444 -0.414266 -0.851880 0.000000 0.000000 0.000000 0.000000 1.000000
0.301531 -0.896833 0.323682 -0.087999 -0.888208 -0.140789 0.437338 -0.073307 -0.346648 -0.419368 -0.839027 0.000000 0.000000 0.000000 0.000000 1.000000
0.292143 -0.898780 0.326873 -0.087999 -0.901841 -0.145131 0.406964 -0.073307 -0.318332 -0.413679 -0.852956 0.000000 0.000000 0.000000 0.000000 1.000000
0.267449 -0.904556 0.332038 -0.087999 -0.931569 -0.154659 0.329027 -0.073307 -0.246271 -0.397315 -0.884020 0.000000 0.000000 0.000000 0.000000 1.000000
0.233402 -0.913784 0.332449 -0.087999 -0.960668 -0.163789 0.224257 -0.073307 -0.150471 -0.371714 -0.916071 0.000000 0.000000 0.000000 0.000000 1.000000
0.198184 -0.924573 0.325403 -0.087999 -0.978721 -0.168655 0.116879 -0.073307 -0.053182 -0.341642 -0.938324 0.000000 0.000000 0.000000 0.000000 1.000000
0.171008 -0.933632 0.314780 -0.087999 -0.985023 -0.169153 0.033421 -0.073307 0.022043 -0.315781 -0.948576 0.000000 0.000000 0.000000 0.000000 1.000000</float_array>
          <technique_common>
            <accessor source="#joint6-Matrix-animation-output-transform-array" count="23" stride="16">
              <param type="float4x4"/>
            </accessor>
          </technique_common>
        </source>
        <source id="joint6-Interpolations">
          <Name_array id="joint6-Interpolations-array" count="23">
 LINEAR LINEAR LINEAR LINEAR LINEAR LINEAR LINEAR LINEAR LINEAR LINEAR LINEAR
LINEAR LINEAR LINEAR LINEAR LINEAR LINEAR LINEAR LINEAR LINEAR LINEAR LINEAR LINEAR</Name_array>
          <technique_common>
            <accessor source="#joint6-Interpolations-array" count="23">
              <param type="name"/>
            </accessor>
          </technique_common>
        </source>
        <sampler id="joint6-Matrix-animation-transform">
          <input semantic="INPUT" source="#joint6-Matrix-animation-input"/>
          <input semantic="OUTPUT" source="#joint6-Matrix-animation-output-transform"/>
          <input semantic="INTERPOLATION" source="#joint6-Interpolations"/>
        </sampler>
        <channel source="#joint6-Matrix-animation-transform" target="joint6/matrix"/>
      </animation>
    </animation>
    <animation id="joint7-anim" name="joint7">
      <animation>
        <source id="joint7-Matrix-animation-input">
          <float_array id="joint7-Matrix-animation-input-array" count="23">

0.041667 0.083333 0.125000 0.166667 0.208333 0.250000 0.291667 0.333333 0.375000 0.416667 0.458333 0.500000 0.541667 0.583333 0.625000 0.666667
0.708333 0.750000 0.791667 0.833333 0.875000 0.916667 0.958333</float_array>
          <technique_common>
            <accessor source="#joint7-Matrix-animation-input-array" count="23">
              <param name="TIME" type="float"/>
            </accessor>
          </technique_common>
        </source>
        <source id="joint7-Matrix-animation-output-transform">
          <float_array id="joint7-Matrix-animation-output-transform-array" count="368">

0.970692 -0.210618 -0.115745 0.605918 0.208160 0.977536 -0.033070 -0.012116 0.120110 0.008007 0.992728 -0.333825 0.000000 0.000000 0.000000 1.000000
0.971428 -0.210569 -0.109493 0.605918 0.208370 0.977550 -0.031284 -0.012116 0.113622 0.007575 0.993495 -0.333825 0.000000 0.000000 0.000000 1.000000
0.973017 -0.210463 -0.094568 0.605918 0.208824 0.977580 -0.027019 -0.012116 0.098134 0.006542 0.995152 -0.333825 0.000000 0.000000 0.000000 1.000000
0.974609 -0.210357 -0.076723 0.605918 0.209279 0.977610 -0.021921 -0.012116 0.079617 0.005308 0.996811 -0.333825 0.000000 0.000000 0.000000 1.000000
0.975688 -0.210285 -0.061752 0.605918 0.209587 0.977631 -0.017643 -0.012116 0.064081 0.004272 0.997936 -0.333825 0.000000 0.000000 0.000000 1.000000
0.976071 -0.210260 -0.055469 0.605918 0.209697 0.977638 -0.015848 -0.012116 0.057561 0.003837 0.998335 -0.333825 0.000000 0.000000 0.000000 1.000000
0.974477 -0.210366 -0.078365 0.605918 0.209241 0.977608 -0.022390 -0.012116 0.081321 0.005421 0.996673 -0.333825 0.000000 0.000000 0.000000 1.000000
0.968111 -0.210790 -0.135381 0.605918 0.207422 0.977486 -0.038680 -0.012116 0.140487 0.009366 0.990038 -0.333825 0.000000 0.000000 0.000000 1.000000
0.954785 -0.211679 -0.208752 0.605918 0.203615 0.977233 -0.059643 -0.012116 0.216624 0.014442 0.976148 -0.333825 0.000000 0.000000 0.000000 1.000000
0.935826 -0.212943 -0.280866 0.605918 0.198198 0.976871 -0.080247 -0.012116 0.291458 0.019431 0.956386 -0.333825 0.000000 0.000000 0.000000 1.000000
0.917478 -0.214166 -0.335211 0.605918 0.192956 0.976522 -0.095775 -0.012116 0.347853 0.023190 0.937262 -0.333825 0.000000 0.000000 0.000000 1.000000
0.909239 -0.214715 -0.356626 0.605918 0.190602 0.976365 -0.101893 -0.012116 0.370076 0.024672 0.928674 -0.333825 0.000000 0.000000 0.000000 1.000000
0.917770 -0.214146 -0.334424 0.605918 0.193039 0.976528 -0.095550 -0.012116 0.347036 0.023136 0.937566 -0.333825 0.000000 0.000000 0.000000 1.000000
0.936678 -0.212886 -0.278053 0.605918 0.198442 0.976888 -0.079444 -0.012116 0.288540 0.019236 0.957275 -0.333825 0.000000 0.000000 0.000000 1.000000
0.955997 -0.211598 -0.203214 0.605918 0.203961 0.977256 -0.058061 -0.012116 0.210878 0.014059 0.977411 -0.333825 0.000000 0.000000 0.000000 1.000000
0.969255 -0.210714 -0.127061 0.605918 0.207749 0.977508 -0.036303 -0.012116 0.131853 0.008790 0.991230 -0.333825 0.000000 0.000000 0.000000 1.000000
0.975274 -0.210313 -0.067896 0.605918 0.209469 0.977623 -0.019399 -0.012116 0.070457 0.004697 0.997504 -0.333825 0.000000 0.000000 0.000000 1.000000
0.976657 -0.210220 -0.044145 0.605918 0.209864 0.977649 -0.012613 -0.012116 0.045810 0.003054 0.998946 -0.333825 0.000000 0.000000 0.000000 1.000000
0.976398 -0.210238 -0.049463 0.605918 0.209790 0.977644 -0.014132 -0.012116 0.051328 0.003422 0.998676 -0.333825 0.000000 0.000000 0.000000 1.000000
0.975623 -0.210289 -0.062748 0.605918 0.209569 0.977630 -0.017928 -0.012116 0.065115 0.004341 0.997868 -0.333825 0.000000 0.000000 0.000000 1.000000
0.974342 -0.210375 -0.080001 0.605918 0.209203 0.977605 -0.022857 -0.012116 0.083018 0.005535 0.996533 -0.333825 0.000000 0.000000 0.000000 1.000000
0.972751 -0.210481 -0.097228 0.605918 0.208748 0.977575 -0.027779 -0.012116 0.100894 0.006726 0.994874 -0.333825 0.000000 0.000000 0.000000 1.000000
0.971317 -0.210576 -0.110458 0.605918 0.208338 0.977548 -0.031559 -0.012116 0.114624 0.007642 0.993380 -0.333825 0.000000 0.000000 0.000000 1.000000</float_array>
          <technique_common>
            <accessor source="#joint7-Matrix-animation-output-transform-array" count="23" stride="16">
              <param type="float4x4"/>
            </accessor>
          </technique_common>
        </source>
        <source id="joint7-Interpolations">
          <Name_array id="joint7-Interpolations-array" count="23">
 LINEAR LINEAR LINEAR LINEAR LINEAR LINEAR LINEAR LINEAR LINEAR LINEAR LINEAR
LINEAR LINEAR LINEAR LINEAR LINEAR LINEAR LINEAR LINEAR LINEAR LINEAR LINEAR LINEAR</Name_array>
          <technique_common>
            <accessor source="#joint7-Interpolations-array" count="23">
              <param type="name"/>
            </accessor>
          </technique_common>
        </source>
        <sampler id="joint7-Matrix-animation-transform">
          <input semantic="INPUT" source="#joint7-Matrix-animation-input"/>
          <input semantic="OUTPUT" source="#joint7-Matrix-animation-output-transform"/>
          <input semantic="INTERPOLATION" source="#joint7-Interpolations"/>
        </sampler>
        <channel source="#joint7-Matrix-animation-transform" target="joint7/matrix"/>
      </animation>
    </animation>
    <animation id="joint8-anim" name="joint8">
      <animation>
        <source id="joint8-Matrix-animation-input">
          <float_array id="joint8-Matrix-animation-input-array" count="23">

0.041667 0.083333 0.125000 0.166667 0.208333 0.250000 0.291667 0.333333 0.375000 0.416667 0.458333 0.500000 0.541667 0.583333 0.625000 0.666667
0.708333 0.750000 0.791667 0.833333 0.875000 0.916667 0.958333</float_array>
          <technique_common>
            <accessor source="#joint8-Matrix-animation-input-array" count="23">
              <param name="TIME" type="float"/>
            </accessor>
          </technique_common>
        </source>
        <source id="joint8-Matrix-animation-output-transform">
          <float_array id="joint8-Matrix-animation-output-transform-array" count="368">

0.999921 -0.012566 0.000000 0.638721 0.012566 0.999921 0.000000 -0.002045 -0.000000 -0.000000 1.000000 -0.299684 0.000000 0.000000 0.000000 1.000000
0.999721 -0.012577 0.020001 0.638721 0.012553 0.999920 0.001333 -0.002045 -0.020016 -0.001082 0.999799 -0.299684 0.000000 0.000000 0.000000 1.000000
0.997629 -0.012690 0.067648 0.638721 0.012414 0.999913 0.004510 -0.002045 -0.067699 -0.003659 0.997699 -0.299684 0.000000 0.000000 0.000000 1.000000
0.992159 -0.012986 0.124305 0.638721 0.012049 0.999893 0.008287 -0.002045 -0.124399 -0.006724 0.992209 -0.299684 0.000000 0.000000 0.000000 1.000000
0.985099 -0.013368 0.171471 0.638721 0.011578 0.999868 0.011431 -0.002045 -0.171601 -0.009276 0.985123 -0.299684 0.000000 0.000000 0.000000 1.000000
0.981469 -0.013564 0.191139 0.638721 0.011336 0.999855 0.012743 -0.002045 -0.191284 -0.010340 0.981480 -0.299684 0.000000 0.000000 0.000000 1.000000
0.984022 -0.013426 0.177540 0.638721 0.011506 0.999864 0.011836 -0.002045 -0.177674 -0.009604 0.984042 -0.299684 0.000000 0.000000 0.000000 1.000000
0.989578 -0.013125 0.143396 0.638721 0.011877 0.999884 0.009560 -0.002045 -0.143505 -0.007757 0.989619 -0.299684 0.000000 0.000000 0.000000 1.000000
0.995029 -0.012831 0.098758 0.638721 0.012240 0.999903 0.006584 -0.002045 -0.098833 -0.005342 0.995090 -0.299684 0.000000 0.000000 0.000000 1.000000
0.998465 -0.012645 0.053920 0.638721 0.012469 0.999916 0.003595 -0.002045 -0.053961 -0.002917 0.998539 -0.299684 0.000000 0.000000 0.000000 1.000000
0.999734 -0.012576 0.019350 0.638721 0.012554 0.999920 0.001290 -0.002045 -0.019364 -0.001047 0.999812 -0.299684 0.000000 0.000000 0.000000 1.000000
0.999906 -0.012567 0.005513 0.638721 0.012565 0.999921 0.000368 -0.002045 -0.005517 -0.000298 0.999985 -0.299684 0.000000 0.000000 0.000000 1.000000
0.999744 -0.012576 0.018793 0.638721 0.012555 0.999920 0.001253 -0.002045 -0.018807 -0.001017 0.999823 -0.299684 0.000000 0.000000 0.000000 1.000000
0.998568 -0.012639 0.051975 0.638721 0.012476 0.999916 0.003465 -0.002045 -0.052014 -0.002812 0.998642 -0.299684 0.000000 0.000000 0.000000 1.000000
0.995393 -0.012811 0.095020 0.638721 0.012264 0.999905 0.006335 -0.002045 -0.095092 -0.005140 0.995455 -0.299684 0.000000 0.000000 0.000000 1.000000
0.990362 -0.013083 0.137886 0.638721 0.011929 0.999887 0.009192 -0.002045 -0.137991 -0.007459 0.990405 -0.299684 0.000000 0.000000 0.000000 1.000000
0.985234 -0.013360 0.170690 0.638721 0.011587 0.999868 0.011379 -0.002045 -0.170819 -0.009233 0.985259 -0.299684 0.000000 0.000000 0.000000 1.000000
0.982879 -0.013488 0.183760 0.638721 0.011430 0.999860 0.012251 -0.002045 -0.183899 -0.009941 0.982895 -0.299684 0.000000 0.000000 0.000000 1.000000
0.985304 -0.013356 0.170287 0.638721 0.011592 0.999868 0.011352 -0.002045 -0.170417 -0.009212 0.985329 -0.299684 0.000000 0.000000 0.000000 1.000000
0.990558 -0.013072 0.136471 0.638721 0.011942 0.999887 0.009098 -0.002045 -0.136574 -0.007382 0.990602 -0.299684 0.000000 0.000000 0.000000 1.000000
0.995651 -0.012797 0.092275 0.638721 0.012282 0.999906 0.006152 -0.002045 -0.092345 -0.004992 0.995715 -0.299684 0.000000 0.000000 0.000000 1.000000
0.998772 -0.012628 0.047897 0.638721 0.012490 0.999917 0.003193 -0.002045 -0.047933 -0.002591 0.998847 -0.299684 0.000000 0.000000 0.000000 1.000000
0.999827 -0.012571 0.013690 0.638721 0.012560 0.999921 0.000913 -0.002045 -0.013700 -0.000741 0.999906 -0.299684 0.000000 0.000000 0.000000 1.000000</float_array>
          <technique_common>
            <accessor source="#joint8-Matrix-animation-output-transform-array" count="23" stride="16">
              <param type="float4x4"/>
            </accessor>
          </technique_common>
        </source>
        <source id="joint8-Interpolations">
          <Name_array id="joint8-Interpolations-array" count="23">
 LINEAR LINEAR LINEAR LINEAR LINEAR LINEAR LINEAR LINEAR LINEAR LINEAR LINEAR
LINEAR LINEAR LINEAR LINEAR LINEAR LINEAR LINEAR LINEAR LINEAR LINEAR LINEAR LINEAR</Name_array>
          <technique_common>
            <accessor source="#joint8-Interpolations-array" count="23">
              <param type="name"/>
            </accessor>
          </technique_common>
        </source>
        <sampler id="joint8-Matrix-animation-transform">
          <input semantic="INPUT" source="#joint8-Matrix-animation-input"/>
          <input semantic="OUTPUT" source="#joint8-Matrix-animation-output-transform"/>
          <input semantic="INTERPOLATION" source="#joint8-Interpolations"/>
        </sampler>
        <channel source="#joint8-Matrix-animation-transform" target="joint8/matrix"/>
      </animation>
    </animation>
    <animation id="joint9-anim" name="joint9">
      <animation>
        <source id="joint9-Matrix-animation-input">
          <float_array id="joint9-Matrix-animation-input-array" count="23">

0.041667 0.083333 0.125000 0.166667 0.208333 0.250000 0.291667 0.333333 0.375000 0.416667 0.458333 0.500000 0.541667 0.583333 0.625000 0.666667
0.708333 0.750000 0.791667 0.833333 0.875000 0.916667 0.958333</float_array>
          <technique_common>
            <accessor source="#joint9-Matrix-animation-input-array" count="23">
              <param name="TIME" type="float"/>
            </accessor>
          </technique_common>
        </source>
        <source id="joint9-Matrix-animation-output-transform">
          <float_array id="joint9-Matrix-animation-output-transform-array" count="368">

0.994241 0.107167 0.000000 0.463603 -0.107167 0.994241 0.000000 -0.004668 -0.000000 -0.000000 1.000000 -0.412056 0.000000 0.000000 0.000000 1.000000
0.994152 0.107153 0.013421 0.463603 -0.107172 0.994240 0.000725 -0.004668 -0.013266 -0.002160 0.999910 -0.412056 0.000000 0.000000 0.000000 1.000000
0.993221 0.107001 0.045410 0.463603 -0.107223 0.994232 0.002455 -0.004668 -0.044885 -0.007307 0.998965 -0.412056 0.000000 0.000000 0.000000 1.000000
0.990787 0.106605 0.083527 0.463603 -0.107354 0.994211 0.004515 -0.004668 -0.082562 -0.013440 0.996495 -0.412056 0.000000 0.000000 0.000000 1.000000
0.987641 0.106093 0.115371 0.463603 -0.107524 0.994183 0.006236 -0.004668 -0.114038 -0.018564 0.993303 -0.412056 0.000000 0.000000 0.000000 1.000000
